100 200
3 26 99 112 
1 36 
5 2 113 120 184 198 
7 14 56 65 156 184 187 197 
5 14 80 128 148 181 
4 15 30 33 163 
5 29 105 116 147 151 
2 136 146 
7 16 19 71 85 173 183 185 
4 39 101 185 194 
2 23 129 
2 55 124 
3 10 162 184 
5 85 106 112 113 125 
2 46 140 
7 25 38 48 70 74 121 160 
4 20 70 107 180 
5 38 42 73 79 130 
3 78 158 183 
4 24 57 109 176 
2 12 37 
4 80 89 103 196 
3 75 139 148 
8 6 49 77 80 81 97 133 200 
5 25 99 107 151 198 
4 24 31 87 200 
6 19 86 145 155 184 198 
5 62 124 165 174 199 
4 26 65 74 166 
2 7 101 
4 117 131 144 186 
4 46 60 147 165 
6 1 5 8 75 106 107 
5 82 107 134 180 184 
4 14 63 65 106 
2 8 50 
3 42 117 170 
5 18 36 74 125 182 
3 57 136 171 
5 13 45 54 177 190 
4 21 45 135 154 
5 11 27 92 132 158 
2 98 147 
5 4 22 110 111 159 
6 14 53 55 72 81 82 
2 73 79 
2 11 104 
3 69 79 199 
6 48 99 113 136 155 167 
5 57 159 178 189 194 
3 14 61 136 
8 1 52 135 152 158 177 191 197 
2 41 152 
3 43 50 134 
4 25 47 75 78 
7 69 96 118 145 173 176 191 
5 4 9 40 45 66 
3 8 84 112 
4 35 45 114 138 
5 25 28 37 114 142 
1 10 
1 64 
2 7 78 
10 17 30 42 58 108 115 132 139 177 185 
5 1 33 83 114 184 
3 25 62 168 
6 31 82 158 159 162 172 
6 19 26 68 83 119 152 
1 34 
2 5 175 
5 79 141 153 183 196 
5 47 52 71 117 159 
3 3 88 126 
5 57 59 170 179 199 
5 19 33 45 123 144 
4 66 90 141 155 
6 26 74 100 109 175 182 
4 19 137 148 178 
1 59 
5 4 64 77 85 129 
3 51 76 150 
4 70 72 177 195 
2 14 182 
9 5 40 89 102 125 151 176 186 187 
3 45 104 152 
3 67 81 93 
3 132 188 192 
7 1 27 38 63 86 91 102 
1 180 
3 29 157 184 
4 95 117 127 164 
6 16 55 60 143 161 184 
2 62 172 
3 13 152 193 
6 1 32 93 116 122 181 
4 82 100 149 169 
5 16 22 94 147 174 
2 44 170 
7 4 6 64 76 102 104 118 
4 51 87 124 177 
