100 200
4 88 147 175 178 
6 13 64 74 82 142 195 
1 17 
2 61 153 
7 46 65 72 87 115 128 171 
7 33 35 42 60 121 166 193 
2 14 15 
4 66 70 90 143 
1 123 
4 31 83 127 178 
3 80 129 171 
5 8 51 108 110 118 
5 53 66 127 180 186 
2 46 112 
4 4 75 101 161 
1 39 
2 134 200 
4 81 178 190 199 
4 65 73 92 111 
4 16 52 65 156 
5 54 65 79 154 182 
6 90 145 152 171 179 188 
5 1 6 108 179 192 
2 54 98 
2 31 67 
3 29 71 175 
6 14 63 82 105 116 165 
2 39 84 
5 2 63 88 147 151 
3 108 143 181 
6 41 47 72 74 132 145 
2 109 189 
4 80 85 117 141 
3 6 27 75 
3 57 74 132 
5 7 29 88 120 137 
3 3 24 164 
5 21 34 135 141 159 
1 55 
6 12 62 78 144 148 167 
7 2 26 55 67 172 176 192 
3 9 20 102 
3 10 98 199 
3 130 175 192 
5 109 126 170 176 187 
4 47 134 149 190 
4 64 86 146 180 
5 11 66 73 79 135 
3 28 124 190 
5 57 83 135 142 197 
2 109 115 
4 50 69 133 184 
6 17 25 67 139 157 178 
7 5 62 107 138 155 161 170 
1 128 
2 47 114 
4 58 84 119 134 
6 31 36 68 120 135 186 
4 71 77 110 195 
4 48 90 123 196 
10 18 38 56 80 99 136 171 178 185 198 
2 28 40 
4 12 13 23 190 
5 42 122 142 183 192 
5 21 42 50 79 167 
2 77 113 
8 29 39 66 95 117 143 163 169 
5 29 91 126 152 194 
4 42 67 120 162 
3 35 58 96 
4 7 50 111 141 
5 46 77 109 150 174 
4 22 47 81 152 
7 2 4 59 75 132 162 171 
4 74 79 103 158 
3 24 92 191 
4 44 73 89 143 
4 40 52 101 111 
2 130 170 
9 81 87 97 151 160 162 179 180 194 
4 3 14 37 135 
4 59 92 120 129 
3 65 125 143 
7 28 68 76 106 140 143 156 
7 15 17 30 66 100 125 129 
8 51 87 114 133 134 138 149 168 
8 14 45 76 135 152 158 173 177 
4 13 39 108 197 
5 46 59 133 163 167 
2 20 124 
5 30 49 112 162 197 
4 32 91 93 168 
4 22 51 91 159 
4 26 47 81 189 
3 40 125 176 
4 10 24 43 54 
7 33 49 91 104 107 131 187 
10 2 10 19 34 52 67 90 92 94 156 
1 62 
3 24 64 145 
