100 200
4 26 42 82 125 
4 77 120 136 183 
5 66 76 106 151 194 
4 37 45 140 163 
5 43 50 109 143 194 
3 29 65 188 
3 57 72 96 
5 3 72 96 109 148 
7 8 41 90 123 166 177 178 
5 37 60 130 160 190 
3 71 126 152 
3 27 83 132 
2 95 200 
6 77 90 119 129 196 200 
1 149 
4 36 68 86 145 
1 164 
6 8 33 98 168 193 198 
6 16 32 70 98 101 140 
4 16 30 34 129 
5 22 63 124 166 169 
5 75 86 111 186 198 
2 20 74 
7 2 72 111 135 136 168 195 
2 12 175 
6 25 40 75 96 119 129 
4 11 117 156 182 
4 49 69 99 135 
4 47 79 183 188 
5 2 88 128 144 161 
6 10 58 92 125 152 200 
2 43 132 
2 107 134 
5 63 78 110 155 171 
1 42 
5 26 62 69 84 186 
4 118 143 153 191 
3 24 97 134 
2 118 170 
5 27 57 67 173 191 
1 51 
1 199 
7 62 94 104 108 114 180 193 
10 15 19 32 44 94 99 100 104 129 189 
5 8 88 127 146 147 
2 59 64 
6 49 54 72 146 150 189 
3 115 128 182 
7 20 65 86 110 142 179 192 
2 21 59 
2 38 94 
8 39 64 89 96 115 146 173 182 
3 53 80 145 
4 8 24 105 170 
4 8 32 98 191 
5 1 43 151 175 196 
3 107 118 136 
1 168 
6 64 87 92 133 155 177 
5 48 58 104 150 193 
5 61 81 90 128 189 
2 64 173 
3 138 164 170 
4 7 143 181 199 
3 47 139 176 
4 14 63 91 129 
3 12 18 63 
5 6 14 27 60 154 
4 5 23 69 140 
5 60 102 103 174 176 
1 44 
2 168 182 
3 24 133 177 
6 7 43 57 65 116 129 
4 29 140 162 175 
6 4 8 30 47 96 159 
9 13 26 129 131 146 152 158 181 191 
3 65 138 199 
4 28 33 65 156 
4 103 123 147 167 
7 42 74 88 107 117 164 172 
7 17 122 137 152 170 177 190 
5 21 52 138 178 195 
4 39 55 56 186 
2 30 198 
4 63 70 86 171 
4 73 145 149 197 
8 5 19 72 88 90 123 128 185 
3 4 121 165 
3 66 83 124 
4 82 147 157 179 
8 55 85 101 149 156 170 184 187 
5 31 143 152 186 198 
2 133 137 
2 9 46 
4 6 35 45 82 
3 80 107 195 
5 17 72 93 112 141 
4 46 102 113 154 
4 18 141 180 194 
