100 200
3 52 60 78 
3 23 43 127 
5 1 30 176 177 195 
3 19 99 198 
7 35 36 39 120 131 137 152 
6 85 93 106 170 181 195 
4 21 91 151 178 
5 94 107 116 132 188 
6 44 106 117 135 141 170 
8 33 53 90 95 127 167 185 196 
2 14 80 
3 74 91 187 
6 4 31 37 82 181 185 
3 2 82 184 
5 57 143 151 157 173 
2 41 115 
4 37 111 180 182 
3 18 127 191 
4 47 100 112 129 
5 36 56 125 181 191 
4 1 139 145 161 
7 26 80 89 113 156 174 196 
3 9 78 158 
4 105 122 154 178 
4 58 65 151 181 
9 11 65 144 146 155 161 165 184 192 
4 101 111 138 200 
1 16 
3 95 176 177 
6 71 90 96 147 174 191 
5 138 155 183 190 196 
5 101 129 131 135 147 
4 59 131 144 162 
1 84 
2 72 169 
5 30 64 112 119 180 
4 29 78 88 184 
6 86 124 148 150 172 196 
2 21 37 
9 56 60 78 79 106 109 116 183 187 
7 28 74 84 100 120 147 177 
4 84 114 152 167 
6 51 67 72 85 115 182 
5 21 25 54 152 166 
4 15 38 101 117 
2 56 161 
3 121 150 195 
6 40 45 89 166 180 189 
4 79 83 106 134 
5 26 42 48 109 196 
4 34 50 147 182 
5 108 116 118 120 160 
5 37 75 84 139 166 
4 24 62 76 135 
6 15 23 110 114 154 171 
4 48 53 111 140 
4 81 90 114 169 
3 92 131 142 
3 102 121 191 
4 3 63 125 179 
5 16 66 75 165 176 
6 27 31 63 128 152 157 
5 41 54 65 91 130 
3 49 60 126 
6 27 34 97 147 175 178 
6 34 52 82 106 160 195 
5 32 99 154 163 176 
3 52 60 104 
4 44 126 165 179 
6 22 98 107 136 137 140 
7 65 71 77 82 132 151 165 
2 46 122 
7 4 20 132 133 160 163 183 
2 6 40 
4 123 151 164 186 
3 61 100 145 
2 12 61 
3 8 138 188 
6 5 10 12 23 55 194 
6 46 50 62 103 120 153 
4 5 34 48 121 
2 76 175 
6 18 84 102 106 107 158 
7 2 18 21 82 98 149 188 
4 13 72 153 185 
7 20 38 68 84 93 159 168 
5 4 36 53 70 193 
4 1 93 188 193 
8 33 73 85 124 145 147 167 184 
4 7 19 64 195 
2 9 51 
2 129 199 
2 17 40 
6 65 93 119 129 140 158 
2 125 180 
4 69 161 177 193 
5 78 98 117 118 191 
3 18 186 187 
4 24 33 87 145 
5 15 65 66 168 197 
