100 200
3 79 90 152 
5 49 93 122 131 158 
7 27 60 86 133 136 137 147 
1 121 
4 76 106 115 162 
2 124 154 
11 3 28 59 60 74 78 125 133 140 160 172 
4 97 142 175 194 
6 4 29 49 107 164 167 
6 22 43 114 143 197 198 
3 22 46 59 
1 8 
4 8 18 68 130 
7 67 80 130 144 145 187 196 
1 170 
1 5 
6 37 89 115 143 146 171 
4 57 89 175 182 
4 1 6 96 146 
8 15 56 70 94 117 119 144 151 
4 73 104 105 131 
3 17 18 61 
8 42 51 58 65 104 176 177 195 
5 119 130 155 190 194 
6 2 6 83 122 128 138 
3 66 113 134 
1 110 
7 39 54 65 67 70 99 107 
2 103 149 
4 36 41 144 183 
4 68 91 178 200 
3 73 88 153 
3 56 61 99 
5 52 74 163 178 199 
4 64 80 92 139 
8 3 11 23 42 47 54 94 107 
2 21 60 
4 36 55 75 181 
3 105 132 181 
4 125 138 160 187 
6 42 80 82 143 179 183 
2 8 110 
5 26 37 84 126 171 
4 8 86 95 171 
3 146 156 159 
5 13 69 129 189 196 
2 112 134 
3 17 101 169 
4 31 49 51 61 
7 32 91 130 135 149 178 185 
2 28 109 
4 78 108 123 151 
2 6 54 
4 29 34 84 181 
1 184 
6 88 104 159 166 171 196 
8 10 49 114 134 144 149 165 176 
5 1 58 128 178 189 
4 45 111 155 187 
5 7 24 102 155 191 
4 62 79 85 155 
4 1 144 149 161 
1 72 
4 23 132 145 155 
8 16 20 63 143 144 148 169 193 
7 2 3 12 20 50 111 120 
1 51 
5 92 160 169 174 180 
5 9 33 37 40 52 
5 65 98 115 119 167 
4 84 118 159 168 
3 6 43 115 
5 3 4 14 44 96 
3 25 147 170 
4 18 23 74 143 
10 21 32 38 66 69 70 91 145 196 197 
6 33 139 141 156 175 196 
3 68 144 146 
6 38 42 53 127 148 178 
2 71 200 
4 8 78 117 125 
6 8 96 124 127 150 181 
4 34 79 92 168 
5 47 56 58 72 130 
2 8 58 
10 6 100 117 132 145 148 151 157 184 199 
3 3 116 161 
3 70 95 148 
1 102 
4 23 35 111 183 
7 5 6 19 92 128 149 191 
5 48 76 90 124 188 
4 32 81 163 182 
3 100 182 186 
3 89 139 155 
6 2 5 68 77 86 116 
6 51 58 68 173 190 192 
4 51 87 107 160 
4 3 66 138 194 
9 30 58 61 66 167 174 179 197 199 
