100 200
18 2 19 33 43 74 87 119 121 128 143 144 157 159 184 185 187 190 199 
5 26 45 53 87 93 
12 21 34 59 70 102 139 143 155 162 167 180 185 
12 12 23 38 65 76 102 108 114 129 168 189 199 
7 3 18 41 43 83 133 152 
13 3 10 23 64 70 88 89 133 156 169 178 180 195 
10 7 33 67 122 126 129 147 165 166 168 
4 75 96 173 177 
8 22 54 61 63 75 131 165 184 
8 7 49 57 58 72 159 175 197 
8 2 12 99 113 124 125 182 200 
19 11 13 21 39 46 92 93 100 109 122 127 128 129 131 143 144 147 171 174 
8 17 18 72 107 152 170 183 186 
9 45 60 65 167 190 195 196 197 198 
12 2 11 39 42 52 114 118 123 144 158 168 192 
14 17 25 31 46 63 70 82 87 113 127 165 171 175 185 
7 11 21 65 105 132 184 200 
10 24 34 52 55 59 91 106 147 160 198 
10 2 35 67 76 98 100 124 136 154 183 
15 3 35 39 47 49 54 81 95 133 148 170 181 183 185 197 
11 72 87 98 104 121 122 132 139 168 175 182 
13 4 7 44 48 60 64 74 98 113 140 165 184 186 
9 67 72 93 97 123 140 177 189 193 
15 13 43 47 52 78 96 104 128 155 166 180 195 196 197 198 
8 13 31 59 76 92 93 94 155 
10 19 31 38 91 118 126 127 138 160 190 
8 46 86 91 94 120 146 165 192 
10 1 7 10 19 25 151 168 172 183 190 
12 10 15 40 53 63 70 96 106 139 148 149 175 
10 11 29 39 42 48 68 110 163 166 171 
11 3 10 17 20 33 52 90 103 166 187 190 
15 6 25 32 57 95 110 115 121 124 126 132 140 150 161 196 
5 40 76 87 112 132 
9 3 18 24 56 87 142 153 166 198 
16 7 17 47 54 61 122 126 139 141 150 153 160 162 174 182 191 
9 20 22 72 77 98 112 142 163 171 
12 7 24 44 59 69 74 101 120 122 164 193 197 
13 63 83 89 94 117 120 140 145 147 148 160 180 195 
13 16 29 70 93 99 115 120 122 155 158 174 176 190 
13 3 4 7 48 80 82 93 95 96 100 116 121 159 
16 12 48 50 57 98 120 121 135 149 151 174 176 179 182 190 197 
7 51 80 100 104 106 115 129 
8 7 20 21 45 54 154 159 178 
10 44 45 47 49 81 89 124 129 168 196 
11 11 18 36 38 67 87 93 144 179 180 189 
4 160 166 183 192 
11 50 60 95 106 114 142 145 156 170 173 183 
9 30 39 47 76 89 100 101 122 187 
11 5 24 70 73 98 113 121 163 167 192 199 
8 12 41 67 95 98 108 177 185 
12 36 48 54 66 68 80 134 150 152 156 166 193 
8 1 5 18 76 78 106 109 148 
10 36 51 66 89 124 132 151 160 163 170 
7 54 69 97 100 161 186 188 
8 5 24 45 93 114 141 147 173 
9 3 87 97 125 128 139 174 182 198 
11 15 30 32 50 101 130 134 141 166 173 196 
5 4 85 96 140 156 
16 7 33 36 42 47 53 69 72 96 113 131 133 153 159 162 174 
11 7 8 36 39 57 140 155 162 179 189 191 
11 6 18 60 75 129 134 151 166 167 181 189 
12 3 14 22 30 34 71 76 112 138 164 175 179 
7 12 21 31 54 77 104 120 
10 1 70 95 98 101 107 111 147 151 165 
8 26 34 41 54 57 72 114 197 
8 52 55 62 76 82 96 160 198 
9 62 75 110 116 126 166 190 194 198 
8 41 45 50 84 96 121 137 181 
9 61 67 78 113 130 176 180 197 199 
6 27 30 89 122 132 162 
14 37 52 65 66 84 85 122 136 152 160 162 167 169 173 
5 9 26 89 113 179 
10 19 38 49 59 86 88 121 134 160 194 
5 7 59 105 184 192 
7 25 33 50 76 98 136 180 
11 2 27 33 60 62 116 142 146 150 156 198 
6 24 54 130 184 190 199 
10 57 107 112 116 133 135 138 142 162 174 
9 2 5 38 82 99 118 156 160 195 
5 65 87 125 172 187 
10 35 45 46 68 93 107 129 148 149 197 
13 10 12 20 62 74 92 124 130 140 141 149 158 195 
11 41 56 73 84 86 87 99 122 144 189 197 
13 9 27 52 79 91 93 95 96 119 131 140 141 180 
10 9 16 39 45 58 77 106 110 121 177 
9 30 57 74 79 98 110 119 152 190 
4 63 75 118 145 
10 11 19 20 24 53 60 86 135 188 192 
8 65 70 99 106 113 172 178 180 
13 4 20 21 38 45 58 101 136 151 163 183 187 195 
16 7 8 16 31 61 79 95 110 122 136 154 160 169 182 185 197 
9 22 35 41 77 78 81 86 88 141 
5 37 67 104 155 156 
13 13 25 68 81 85 101 126 165 170 184 185 190 191 
11 31 36 38 47 77 92 93 120 131 149 176 
12 14 34 48 51 70 71 118 126 134 137 158 168 
11 4 21 26 28 126 130 139 145 152 168 172 
11 2 25 60 64 70 84 100 117 119 133 163 
11 42 47 79 92 102 105 143 165 167 175 177 
9 6 11 20 67 68 77 96 152 175 
