100 200
12 4 18 34 38 43 77 81 102 124 130 167 172 
12 9 22 33 37 86 115 152 162 166 170 171 198 
12 1 11 20 43 47 53 78 92 95 112 151 188 
13 27 69 80 90 117 122 134 144 150 152 153 160 198 
14 6 24 26 29 49 61 71 74 125 136 170 178 186 193 
8 2 58 79 94 111 117 124 179 
15 14 32 68 75 76 80 86 102 140 147 149 160 162 172 181 
12 4 5 35 36 49 109 142 146 153 160 162 198 
9 12 91 92 97 150 166 188 190 192 
12 20 23 25 75 102 108 128 149 166 171 175 198 
6 47 123 132 147 170 196 
10 26 55 76 111 119 155 159 175 185 197 
9 9 41 53 61 81 84 113 163 181 
8 40 91 93 112 164 169 179 188 
9 12 28 70 79 84 101 152 159 162 
7 9 40 60 123 148 179 200 
9 12 27 53 72 77 111 127 152 199 
7 68 101 102 135 140 141 167 
9 7 35 50 92 96 111 112 117 181 
11 7 14 19 27 29 46 85 121 126 164 199 
7 31 51 59 62 123 135 185 
8 26 65 70 77 90 126 134 144 
11 17 53 101 113 139 149 152 156 189 190 195 
14 7 15 28 68 94 95 110 112 127 130 143 161 179 180 
5 3 5 35 39 194 
7 25 69 73 88 134 140 150 
10 26 40 83 88 92 129 144 162 190 196 
12 11 15 49 61 66 100 106 122 139 179 180 196 
12 1 20 25 38 42 76 102 106 136 147 156 200 
13 58 79 88 97 107 117 129 131 156 157 174 181 189 
9 22 32 75 97 100 133 143 145 168 
10 30 62 87 95 97 108 150 164 171 186 
6 19 37 62 86 176 189 
12 18 29 31 36 44 89 92 106 114 136 165 196 
9 25 54 61 89 104 165 173 185 199 
9 11 32 54 67 109 133 151 187 191 
9 33 36 65 75 80 81 121 125 200 
8 26 27 37 74 86 92 110 177 
11 70 71 80 86 91 136 146 148 172 174 177 
6 3 42 118 130 177 197 
16 3 4 16 19 37 79 100 107 110 115 117 130 145 146 153 156 
10 4 20 28 56 59 68 88 103 127 199 
12 18 31 35 42 58 99 102 120 130 175 177 178 
7 8 77 94 104 115 123 152 
9 3 33 51 62 70 73 79 170 174 
10 19 28 49 62 68 111 119 132 186 192 
12 2 28 90 107 111 124 132 140 153 165 170 190 
10 20 42 43 87 108 147 157 192 196 198 
19 38 44 45 82 84 87 98 101 110 130 131 138 142 151 154 165 166 169 199 
13 16 17 29 46 100 108 119 139 143 147 149 154 159 
12 3 37 48 53 54 70 76 79 115 160 162 195 
14 35 44 71 80 106 113 122 125 134 145 153 156 172 199 
8 1 41 75 76 98 145 157 184 
14 3 7 16 20 43 62 71 73 79 99 102 154 164 194 
11 9 26 58 77 132 136 137 138 145 173 175 
7 33 45 51 64 111 127 138 
13 11 45 64 74 96 101 110 128 142 148 171 189 191 
8 53 65 87 94 95 109 129 172 
8 36 42 53 86 120 135 158 186 
8 2 32 72 132 134 140 141 145 
12 5 45 118 123 134 147 153 157 158 165 185 189 
10 29 55 64 69 71 99 102 150 157 199 
11 55 62 73 82 96 135 140 172 173 181 191 
5 50 55 146 154 197 
7 21 40 89 97 107 144 153 
11 16 54 62 63 72 85 101 109 129 152 157 
9 21 49 60 122 126 154 176 191 196 
12 32 44 64 70 72 78 107 117 136 151 165 177 
16 9 31 37 40 53 85 91 114 115 127 131 134 151 167 184 193 
8 10 24 46 79 114 131 137 160 
8 5 11 72 74 141 167 188 189 
12 9 17 24 35 49 86 96 116 137 141 171 194 
9 15 70 93 124 126 129 132 148 181 
4 39 120 134 140 
6 28 45 120 124 139 172 
8 26 52 72 86 156 163 165 166 
17 8 35 74 86 92 101 110 132 136 138 143 158 169 176 181 182 187 
16 23 36 47 55 62 63 101 118 122 128 143 151 161 166 172 181 
8 28 76 80 87 110 114 163 188 
13 10 81 87 94 101 108 148 165 177 183 189 195 198 
8 5 6 11 14 55 173 188 192 
14 13 17 27 35 40 46 72 97 109 119 133 145 155 198 
9 5 9 60 70 87 144 146 152 166 
10 4 18 64 96 97 103 118 126 164 182 
19 10 13 20 31 33 54 60 83 93 118 119 129 142 162 174 175 190 191 193 
8 4 67 113 146 164 165 178 198 
11 5 15 60 74 80 103 115 140 152 183 192 
10 19 21 47 50 62 70 128 179 181 192 
6 17 56 66 80 96 143 
11 14 37 49 50 59 65 68 78 89 141 196 
8 17 43 53 54 160 174 184 189 
9 12 15 54 63 68 75 133 148 186 
7 41 48 81 96 139 176 183 
9 39 56 58 77 97 103 144 154 165 
12 19 27 33 35 56 63 66 87 130 181 183 184 
6 24 67 86 88 143 193 
9 11 75 77 84 106 131 155 172 194 
13 4 11 17 38 94 98 99 106 135 160 161 194 196 
10 3 49 56 57 76 91 101 105 163 177 
7 17 71 96 98 143 173 195 
