100 200
10 7 31 57 58 73 79 92 145 166 178 
7 2 53 112 125 180 181 192 
14 15 21 37 51 53 69 84 142 143 152 157 180 183 186 
10 18 33 39 58 76 85 139 146 147 169 
14 9 51 57 62 88 113 116 119 164 177 182 192 195 199 
7 10 41 63 80 108 118 135 
13 22 52 62 70 79 100 102 119 130 132 153 167 188 
7 21 40 78 113 127 144 178 
12 27 56 100 103 123 135 137 143 152 166 183 192 
16 8 11 14 15 25 40 101 103 104 112 123 131 134 155 181 199 
6 18 48 120 126 175 180 
6 34 45 139 153 177 198 
7 4 5 47 119 151 173 175 
18 5 6 14 16 28 41 46 50 58 87 99 103 116 129 137 160 185 188 
13 5 7 16 35 37 38 58 63 64 66 133 158 172 
10 6 18 36 41 93 100 107 110 118 198 
9 10 25 41 92 122 169 171 197 200 
12 4 70 83 90 109 115 146 147 173 192 195 200 
9 13 52 53 95 134 135 162 165 171 
11 3 53 77 89 97 112 121 142 170 173 186 
15 4 31 39 49 65 95 105 110 124 142 144 153 159 166 171 
11 11 42 52 107 130 134 155 156 176 183 186 
13 19 28 40 57 68 71 95 101 129 132 138 145 162 
4 10 138 150 178 
9 5 23 54 63 135 138 147 167 194 
7 14 42 45 82 128 165 200 
13 4 5 17 60 65 85 113 114 124 129 157 167 197 
6 14 68 79 89 153 154 
10 7 9 28 54 72 76 121 122 128 154 
11 10 12 27 29 33 49 114 139 143 168 193 
9 33 96 115 129 130 156 157 160 198 
8 3 10 11 29 33 48 50 65 
14 8 15 25 67 86 101 138 155 159 161 171 176 180 183 
13 16 17 86 90 92 102 112 113 130 133 135 139 168 
9 22 24 29 54 65 97 130 158 159 
13 12 14 64 105 110 133 136 147 163 170 181 187 189 
11 21 47 97 104 110 119 154 158 160 170 179 
10 19 71 89 93 103 105 140 148 155 176 
10 17 45 48 101 107 137 142 170 173 177 
6 15 44 45 49 100 121 
11 12 19 49 57 74 93 110 135 137 143 196 
10 19 24 27 39 65 70 86 136 173 191 
8 3 9 96 110 128 179 190 195 
8 26 36 42 78 87 112 161 183 
10 52 101 111 118 137 156 170 184 186 190 
10 19 29 64 76 78 89 120 128 177 183 
9 13 27 74 100 105 109 143 157 161 
14 9 13 27 28 49 90 122 132 139 143 151 164 174 179 
6 1 81 91 122 131 158 
9 4 34 54 94 101 131 138 168 191 
9 5 15 18 71 79 85 103 114 142 
9 3 43 47 73 85 107 133 149 167 
8 11 19 40 81 120 136 149 187 
7 24 34 71 108 119 125 151 
9 1 18 65 73 117 118 140 156 157 
9 8 25 31 119 121 127 169 193 199 
10 40 47 60 66 72 104 141 146 154 181 
10 9 41 54 56 92 98 99 167 184 198 
10 9 31 43 51 57 64 146 155 166 185 
7 39 48 71 75 85 105 182 
7 31 43 81 85 123 128 155 
9 42 51 65 68 94 141 155 157 158 
8 32 67 70 111 132 145 163 180 
9 9 25 70 85 105 129 150 178 181 
17 6 9 12 13 18 20 34 37 40 47 66 74 119 130 174 183 198 
6 38 74 105 135 157 161 
5 33 37 41 96 110 
9 3 24 25 38 60 126 159 162 164 
13 10 16 28 51 56 59 74 93 105 126 143 145 152 
9 4 58 61 66 120 158 172 174 188 
8 13 38 83 127 144 151 157 189 
13 28 79 81 83 114 126 128 154 156 157 171 173 174 
9 20 34 57 58 85 94 132 183 186 
12 9 10 14 16 17 65 77 88 96 118 151 153 
9 14 36 49 59 66 117 118 143 171 
12 30 35 40 62 71 117 135 141 150 171 180 185 
11 14 38 50 58 92 111 147 172 180 190 196 
10 1 6 23 34 125 132 161 164 187 198 
15 8 37 44 47 50 73 100 106 121 124 138 162 176 186 194 
16 3 24 25 35 47 65 67 71 90 111 124 130 172 183 186 198 
11 12 26 29 42 43 86 87 119 126 149 187 
17 15 18 37 38 59 85 88 96 130 131 135 142 152 163 166 188 195 
10 5 15 16 57 78 100 129 164 170 198 
11 1 87 92 126 131 134 168 173 175 193 200 
7 11 20 90 100 120 125 163 
15 48 53 61 63 66 67 71 85 96 111 134 159 179 183 199 
1 41 
11 14 42 45 72 101 102 120 123 129 144 167 
7 18 77 78 84 124 141 179 
10 13 51 56 72 111 118 119 146 182 196 
9 4 20 48 54 146 158 162 170 171 
13 6 8 13 35 43 55 90 142 161 170 171 185 191 
8 23 77 88 90 95 113 126 194 
15 12 58 73 86 87 89 127 137 142 149 160 170 173 174 175 
8 26 64 69 73 79 81 179 191 
11 4 8 27 34 61 87 96 109 162 166 172 
6 27 74 97 118 120 168 
7 17 25 46 69 110 189 196 
9 6 7 47 68 74 149 172 187 197 
6 34 68 70 102 154 167 
