100 200
9 8 14 28 91 113 115 156 162 181 
7 8 82 89 93 115 131 172 
16 4 16 20 29 47 61 93 99 100 113 129 141 151 165 192 197 
11 2 10 45 46 88 142 143 160 166 189 200 
8 19 34 53 93 116 118 175 176 
10 20 24 33 97 121 135 136 163 166 187 
9 45 49 51 72 74 154 166 170 175 
5 32 88 92 154 187 
11 48 55 62 72 73 113 124 132 167 198 199 
11 8 23 29 33 55 98 107 115 150 171 194 
7 5 38 42 69 117 169 171 
9 10 25 60 129 136 150 151 186 193 
10 11 28 50 64 86 102 131 149 190 199 
8 45 101 136 156 158 172 177 199 
10 6 22 32 66 87 92 98 117 145 166 
14 22 36 49 55 66 75 113 122 134 168 174 178 179 183 
13 35 56 58 62 73 84 121 127 136 165 166 194 197 
15 7 9 12 14 22 54 58 77 78 94 139 167 169 191 195 
11 21 55 63 73 89 92 124 137 148 178 187 
5 73 103 133 141 164 
16 23 36 50 74 85 113 116 135 137 177 181 183 190 191 195 198 
12 21 29 37 44 56 64 88 107 110 150 185 197 
8 3 17 91 128 129 150 170 198 
10 1 16 22 57 72 89 140 145 150 172 
8 17 26 33 53 97 115 137 185 
12 15 24 42 60 96 125 131 163 182 187 195 197 
10 11 24 41 45 58 65 159 171 178 189 
8 16 17 51 100 117 123 166 189 
8 48 87 93 143 147 164 172 182 
7 12 17 29 47 84 127 141 
15 10 27 33 47 53 86 95 100 128 131 137 144 164 193 197 
10 9 80 92 100 142 157 163 167 169 191 
12 2 18 37 44 55 84 91 123 129 130 131 180 
5 8 42 105 131 161 
8 71 114 120 122 127 137 165 176 
19 17 25 33 35 43 61 64 72 80 93 128 133 138 140 144 156 158 159 160 
11 6 14 18 50 102 111 122 132 149 151 195 
11 24 31 47 57 75 78 91 104 128 129 150 
8 13 15 20 57 111 127 147 170 
11 8 10 14 81 89 97 102 111 122 142 149 
12 5 47 81 99 114 131 154 155 169 170 178 181 
13 6 7 9 29 57 71 103 126 127 159 160 171 189 
10 16 27 54 64 76 79 88 96 115 142 
8 19 26 42 54 57 109 186 187 
7 18 23 27 31 65 159 176 
11 7 22 55 66 68 70 83 93 132 136 148 
13 11 17 33 34 35 44 56 82 115 154 168 174 190 
10 58 73 103 117 138 152 158 172 182 185 
13 7 25 35 48 63 66 96 98 110 116 150 175 190 
13 17 22 74 102 105 118 120 124 135 139 161 162 173 
12 26 47 48 71 78 80 86 124 142 159 163 196 
11 23 40 51 54 70 89 109 110 117 154 188 
13 15 30 42 54 82 84 105 106 110 137 151 161 169 
11 1 23 69 77 81 88 135 146 172 177 194 
9 7 16 103 124 130 135 142 187 195 
5 30 67 142 161 180 
11 10 35 52 60 104 107 110 116 146 162 169 
5 45 71 107 165 179 
15 7 10 30 34 40 64 84 98 102 125 132 144 148 161 197 
16 10 16 25 28 40 82 96 105 110 112 113 119 160 178 181 192 
8 38 58 59 65 78 177 187 199 
8 1 17 40 49 79 96 108 160 
13 7 18 20 41 53 59 71 99 106 153 169 181 184 
8 1 21 36 52 163 177 178 190 
7 3 46 55 57 70 170 193 
8 17 54 95 111 112 140 143 175 
8 51 86 118 144 156 160 164 190 
12 17 33 61 64 120 122 138 149 159 179 185 186 
10 11 13 21 32 58 62 116 118 154 181 
12 22 40 42 58 100 105 135 148 153 159 181 184 
12 26 27 50 71 74 99 122 134 177 190 191 192 
10 35 37 85 106 114 147 153 171 176 183 
10 6 8 20 59 75 85 123 137 140 200 
11 2 18 32 48 54 64 73 79 99 136 150 
9 22 26 30 48 103 106 126 152 156 
9 7 17 25 39 98 108 117 144 154 
9 8 16 61 81 123 142 152 160 174 
10 33 55 65 91 97 101 139 148 182 196 
8 9 25 26 28 64 90 107 152 
9 10 12 25 59 66 134 136 162 195 
16 1 15 27 35 38 66 75 93 98 115 138 151 162 170 173 196 
11 16 28 32 55 67 80 107 184 185 190 196 
9 32 33 47 70 135 164 178 192 195 
6 54 66 103 117 136 200 
10 54 62 83 111 112 114 134 152 167 186 
12 5 8 18 23 74 95 122 131 133 146 153 199 
12 24 29 39 62 89 98 105 114 175 184 191 195 
11 4 16 56 84 97 113 134 161 170 176 183 
7 17 44 45 77 157 161 166 
10 2 43 78 97 99 119 126 133 179 191 
7 12 30 32 39 75 79 120 
11 28 30 71 88 96 101 111 139 142 157 163 
8 1 7 8 47 54 59 77 136 
13 2 12 33 49 68 73 85 91 129 137 163 165 168 
5 58 91 110 155 156 
7 8 55 108 112 126 142 185 
9 38 56 96 97 107 117 146 158 174 
12 14 52 60 76 88 123 139 152 162 166 167 189 
15 1 10 12 17 20 31 33 68 92 146 156 166 185 194 197 
8 11 72 111 113 128 152 167 197 
