100 200
9 44 73 75 83 154 169 170 188 196 
6 64 72 78 102 139 171 
7 52 84 125 134 150 171 199 
11 4 9 19 39 54 87 113 129 143 176 186 
16 14 34 48 53 77 87 95 96 116 129 130 136 146 172 193 200 
13 3 4 33 34 67 82 89 110 115 123 129 135 177 
7 1 6 42 51 134 155 163 
7 50 54 74 117 130 150 188 
8 42 48 102 126 138 171 183 195 
10 6 8 16 38 79 85 124 134 135 171 
11 2 34 38 48 71 90 111 126 132 162 168 
12 45 56 83 93 102 108 110 154 177 181 198 199 
9 6 34 37 49 57 69 110 138 180 
7 10 42 48 118 166 169 184 
13 1 11 23 25 27 47 61 120 136 155 173 180 192 
9 3 15 25 67 118 133 156 181 198 
12 7 38 47 60 71 140 141 147 161 169 195 196 
11 6 10 44 45 80 97 98 153 172 178 193 
11 40 52 70 84 91 103 111 139 152 157 168 
10 55 87 96 107 121 143 165 168 177 186 
11 4 30 39 43 60 86 96 140 149 161 175 
6 23 95 111 134 139 198 
5 5 31 131 157 188 
7 67 100 108 114 121 126 185 
9 15 49 55 60 62 122 129 163 196 
9 30 70 75 103 106 113 137 195 199 
9 7 69 108 147 164 176 192 194 195 
7 18 76 127 151 161 186 193 
10 37 63 69 86 93 155 178 184 191 196 
8 2 51 104 112 139 148 155 194 
10 11 16 30 37 43 143 148 156 177 182 
11 2 56 64 73 75 82 83 116 146 188 193 
9 24 39 85 99 123 129 159 174 186 
9 13 21 35 105 110 111 122 125 176 
12 16 37 67 77 100 108 109 112 144 146 155 181 
14 26 48 56 72 76 77 126 131 135 140 153 156 158 182 
8 47 52 97 125 128 141 148 180 
9 86 96 98 105 113 114 138 153 179 
6 5 42 93 105 137 171 
10 4 13 39 65 85 86 95 130 163 167 
8 2 3 21 50 104 122 138 143 
12 12 51 59 72 74 79 83 138 150 153 181 184 
10 8 16 24 48 73 74 92 120 156 165 
16 1 7 18 42 48 74 119 123 139 145 146 163 167 173 186 188 
13 4 18 21 38 48 55 81 105 110 126 170 171 199 
8 15 50 59 98 107 122 147 171 
10 8 16 30 41 86 133 134 151 156 177 
12 7 22 32 36 119 135 156 160 182 184 187 188 
10 31 32 54 59 62 72 81 103 119 185 
13 27 40 48 63 74 102 124 137 151 164 166 178 185 
4 6 34 56 179 
8 18 19 43 119 125 136 146 194 
13 11 16 29 70 102 108 113 119 154 156 160 161 176 
11 33 35 44 54 101 102 108 144 147 152 153 
18 6 21 26 34 48 62 65 82 102 110 111 113 128 134 138 141 163 164 
9 15 28 40 51 75 77 95 127 181 
4 43 71 114 172 
16 16 39 46 58 69 77 79 96 100 101 109 132 133 166 174 197 
6 47 79 119 126 171 200 
12 13 27 40 93 99 112 136 146 154 161 188 198 
7 7 13 52 183 185 192 193 
8 34 38 68 111 134 150 179 199 
5 82 91 136 153 155 
12 25 42 54 59 78 84 115 121 162 186 192 194 
15 10 14 27 38 43 57 64 71 78 81 92 95 118 138 192 
8 8 22 72 93 95 129 184 199 
12 1 3 12 15 66 98 111 147 154 171 177 200 
6 6 52 79 123 159 199 
6 71 72 82 125 135 167 
12 3 20 24 39 90 104 118 147 162 176 191 198 
17 10 30 48 62 76 84 95 108 119 131 137 157 158 173 183 187 195 
7 38 90 125 127 155 184 192 
9 20 24 30 64 68 116 157 164 194 
11 12 32 44 83 104 151 154 165 168 190 197 
7 7 52 74 94 122 139 155 
9 59 80 127 135 149 154 164 173 190 
13 29 42 45 51 53 60 66 112 135 137 155 176 188 
10 9 40 88 122 140 152 159 185 193 198 
15 9 15 22 35 42 58 68 82 88 108 129 168 175 177 183 
15 25 38 53 61 89 92 104 110 116 129 152 160 169 173 186 
8 14 17 20 55 58 143 169 176 
7 65 92 104 156 168 175 191 
20 5 31 39 47 63 66 74 75 78 79 88 98 102 122 141 150 153 160 175 185 
7 1 99 133 168 177 178 190 
12 5 8 21 43 57 58 63 100 118 142 159 193 
13 20 21 24 26 51 86 89 100 106 121 143 183 198 
4 6 70 143 155 
8 17 46 67 92 132 144 151 195 
5 15 39 45 76 170 
10 18 27 40 83 96 103 157 169 178 197 
7 2 18 24 79 83 125 132 
8 23 50 61 115 138 140 147 158 
13 6 24 26 47 59 62 70 89 92 106 143 178 183 
9 10 29 40 49 54 55 75 91 123 
19 6 44 54 72 81 109 112 115 117 125 129 143 146 150 151 163 169 183 189 
11 4 5 30 37 54 135 142 147 171 181 186 
15 7 13 36 37 43 60 64 65 70 99 101 116 160 174 181 
12 10 62 67 85 87 99 115 118 134 143 146 173 
12 1 4 24 72 81 86 92 96 99 130 150 174 
8 14 52 74 102 105 112 122 125 
