100 200
15 13 20 26 36 44 57 105 113 117 121 122 126 151 159 200 
17 6 16 25 27 59 62 85 87 121 122 126 128 147 148 168 181 188 
19 7 8 19 20 21 38 43 71 74 87 88 93 138 150 155 160 168 172 187 
29 16 20 31 41 47 52 56 57 73 77 79 84 87 89 98 113 121 123 136 147 154 166 171 172 177 181 194 196 197 
15 4 10 20 38 84 86 101 121 125 159 170 175 176 183 199 
24 8 9 14 16 27 34 38 43 65 67 72 74 80 102 104 105 127 144 157 162 163 171 176 186 
29 22 28 29 37 40 46 55 56 58 60 68 75 76 83 86 95 113 118 122 126 128 147 155 159 172 183 185 186 197 
19 7 21 22 26 32 34 44 45 98 107 112 122 128 145 146 147 173 176 196 
16 7 12 19 32 35 41 56 70 86 96 103 116 138 158 184 187 
27 3 25 32 37 45 49 58 62 71 82 87 104 108 110 121 125 127 131 138 141 142 146 148 170 171 184 187 
15 28 36 47 53 62 64 67 75 81 83 84 86 104 164 176 
21 7 24 34 37 50 73 76 84 101 103 113 120 125 131 139 152 156 162 177 188 194 
8 38 73 78 101 110 115 132 177 
18 6 7 23 35 42 46 75 91 113 121 123 131 138 159 162 188 198 200 
17 28 29 31 39 44 63 73 108 116 133 136 165 170 171 177 181 182 
14 20 41 67 80 81 86 99 104 135 145 154 182 183 185 
14 17 31 58 60 65 76 80 91 98 103 135 150 178 185 
17 7 23 25 79 95 107 112 115 116 122 128 133 141 158 164 183 197 
17 3 24 26 30 33 41 46 61 107 111 119 120 141 152 158 181 198 
24 5 19 23 28 35 42 53 63 66 67 75 82 96 104 109 111 120 132 135 142 148 151 183 187 
19 1 10 13 19 20 39 54 68 75 88 114 121 136 145 153 174 185 190 191 
16 4 8 13 15 22 30 54 77 126 142 146 147 179 190 194 195 
22 5 12 15 24 28 29 36 40 44 51 59 71 79 89 98 104 124 143 164 171 188 191 
26 3 4 16 26 29 54 57 59 61 68 69 77 84 88 97 100 101 129 132 136 146 151 168 179 182 187 
17 1 5 22 48 54 60 102 111 120 127 136 153 154 174 175 180 182 
13 19 26 57 58 68 81 100 113 131 140 157 177 179 
18 10 11 14 25 36 66 75 98 105 112 113 118 119 126 138 147 177 179 
20 7 21 52 62 68 69 70 72 101 111 119 122 131 136 143 158 175 185 186 188 
21 11 38 50 68 77 105 108 114 119 122 131 144 146 157 158 170 171 179 186 189 196 
17 1 6 8 27 28 81 84 88 104 117 155 161 162 176 183 186 191 
21 6 11 14 16 21 25 28 38 40 54 63 65 78 103 151 155 176 185 189 190 191 
21 4 7 23 26 27 61 85 86 88 94 99 115 118 123 140 153 166 168 175 184 200 
28 13 14 26 47 53 59 60 65 66 68 77 81 84 88 91 109 112 126 131 142 145 150 165 169 170 172 173 191 
21 2 7 16 26 43 46 50 53 58 60 65 75 114 129 131 140 143 144 174 185 198 
15 9 59 69 81 91 99 119 120 122 128 129 167 173 188 196 
18 7 20 27 34 39 40 50 53 54 76 148 155 157 175 176 179 180 196 
15 20 52 75 78 91 104 108 110 131 132 135 137 144 189 197 
21 11 15 26 31 39 40 41 50 68 80 100 102 107 146 153 164 175 182 183 185 191 
16 4 10 28 56 59 68 73 74 88 92 113 114 121 138 143 175 
25 1 16 21 22 31 35 49 57 69 88 90 95 108 111 112 134 136 144 160 166 172 173 177 194 197 
11 7 31 50 51 99 122 127 130 141 177 185 
22 10 14 36 38 40 52 53 55 56 62 98 129 131 135 153 167 179 185 194 196 199 200 
26 1 11 17 31 32 38 53 65 71 79 94 106 115 116 117 129 136 138 143 146 149 154 163 168 176 200 
19 2 13 19 31 48 83 115 122 125 129 136 140 151 153 169 170 183 190 191 
20 17 36 40 53 57 73 86 91 101 120 130 133 134 139 143 156 174 176 178 188 
18 1 13 32 47 49 51 81 85 89 94 106 117 120 132 144 173 182 196 
20 2 32 33 41 55 59 69 98 101 111 115 120 126 141 148 151 158 160 184 195 
28 16 23 26 40 51 63 78 90 95 96 101 106 109 129 131 132 138 142 144 150 152 164 170 174 175 177 193 199 
20 21 24 29 75 83 86 87 92 110 113 120 123 131 159 160 161 176 184 189 196 
24 3 13 22 31 38 39 46 53 73 77 91 112 114 121 125 137 138 139 148 155 164 187 198 199 
20 10 14 16 22 28 72 74 81 87 93 97 105 138 153 157 161 170 171 172 194 
28 1 3 21 26 28 29 32 38 50 51 64 78 82 89 90 98 99 111 123 137 139 143 163 171 180 191 193 194 
24 7 24 28 32 43 61 64 66 72 90 107 118 121 123 129 131 133 136 140 150 156 166 170 172 
20 20 22 26 27 36 38 45 50 53 79 104 105 106 111 125 129 147 159 176 187 
21 35 36 52 54 58 69 100 116 117 124 126 137 143 152 155 157 169 172 178 193 200 
23 3 5 22 32 38 39 45 56 63 67 76 81 111 115 122 133 138 140 151 162 170 191 200 
21 2 4 13 14 26 52 56 59 75 82 87 90 93 102 107 121 124 158 171 187 198 
16 3 5 15 23 27 86 94 95 105 123 125 157 163 167 177 178 
14 4 17 22 35 43 44 88 108 120 157 163 164 173 182 
23 11 36 37 58 62 66 71 79 86 87 89 95 116 128 134 137 141 143 149 157 176 188 191 
15 1 47 58 96 106 113 114 133 135 138 146 153 166 188 189 
17 5 27 35 47 68 81 83 93 117 129 152 154 173 178 182 196 198 
25 6 9 15 20 21 33 61 64 72 73 76 81 84 89 92 105 111 113 133 135 136 175 188 194 196 
17 16 21 49 53 54 58 74 110 119 135 142 149 159 168 169 186 187 
23 14 22 24 28 58 65 74 87 100 102 115 117 120 127 139 148 151 171 181 183 184 185 190 
19 4 14 21 23 29 39 42 45 59 67 85 96 98 113 116 136 175 183 191 
20 8 19 22 26 33 39 55 94 106 112 117 138 140 143 147 149 152 153 163 175 
12 29 55 56 62 80 94 104 121 166 187 197 198 
17 13 22 28 30 65 85 98 100 106 107 121 123 144 145 175 177 193 
19 11 26 29 37 41 48 54 63 90 105 117 125 143 145 148 152 157 171 182 
19 3 14 25 41 53 68 95 100 106 112 118 132 141 147 162 174 190 191 197 
22 13 27 42 47 68 76 96 97 99 103 108 115 129 147 152 153 170 176 177 182 198 200 
22 1 15 26 29 32 37 41 49 53 58 85 94 110 131 134 135 142 149 151 160 161 193 
16 5 9 19 21 43 51 60 85 89 90 107 142 149 150 181 183 
18 22 42 46 48 69 80 97 100 105 116 120 129 153 165 171 177 179 192 
21 10 11 15 25 34 56 62 65 72 76 85 105 106 127 148 156 160 163 172 177 183 
26 18 20 24 27 35 52 67 74 76 90 99 106 110 115 124 126 128 134 144 146 156 159 179 183 196 200 
13 5 8 41 56 88 112 115 134 162 165 170 174 183 
14 12 31 75 103 106 110 112 116 167 168 177 182 189 193 
22 22 35 42 55 61 82 83 88 90 94 95 103 119 140 148 157 164 166 176 180 187 193 
17 12 31 40 43 54 55 60 65 69 95 99 101 125 136 140 170 178 
21 6 9 22 25 39 53 56 58 64 68 89 90 96 111 134 141 145 152 174 180 194 
22 29 31 48 54 66 68 81 100 106 115 141 142 143 146 150 156 170 173 184 187 190 197 
27 7 12 15 18 24 31 37 52 53 54 96 97 104 109 111 116 125 128 133 141 155 159 168 179 184 187 200 
17 4 11 32 58 60 65 77 78 110 111 113 114 123 155 164 166 178 
13 83 90 118 121 127 139 155 158 187 191 195 196 197 
19 4 6 13 46 50 61 91 105 115 119 128 139 157 164 169 179 185 188 190 
22 27 57 61 63 66 86 88 96 101 106 107 121 122 130 137 143 144 151 158 161 193 200 
26 1 11 16 17 24 44 45 47 48 49 52 55 70 72 97 106 120 127 129 131 137 155 158 163 166 167 
27 3 5 7 10 11 21 31 32 34 39 40 42 63 87 98 107 109 111 121 126 128 129 147 163 171 181 192 
19 5 13 22 27 34 52 56 86 95 118 124 125 139 146 149 150 158 169 198 
23 7 25 32 48 53 64 65 71 87 98 114 121 131 142 144 145 146 154 164 165 172 175 191 
10 10 58 67 82 100 108 121 137 166 173 
21 3 23 24 73 76 83 85 86 98 102 103 106 118 122 138 147 154 159 170 182 193 
18 19 25 32 33 37 44 54 62 73 106 115 119 124 132 136 155 161 169 
20 2 10 14 17 31 47 60 81 89 102 104 106 111 115 131 159 162 168 188 191 
19 2 11 13 20 38 68 74 80 97 109 115 125 141 164 166 176 178 186 191 
14 9 12 22 32 42 52 81 85 95 114 134 138 140 176 
13 28 64 74 98 126 146 155 161 163 167 174 182 193 
19 8 12 18 25 37 38 56 58 70 71 79 81 93 94 106 114 134 137 152 
