100 200
27 43 45 47 56 58 64 65 66 70 77 81 83 93 103 104 105 116 124 125 130 143 147 156 169 180 182 199 
15 6 39 59 74 103 115 130 151 159 173 183 188 194 196 198 
13 20 22 25 28 36 44 59 77 89 114 166 181 191 
18 30 43 47 56 70 77 79 85 87 105 108 123 127 129 134 154 190 200 
15 18 33 46 49 55 60 61 64 68 72 108 130 175 179 193 
27 4 6 8 12 20 30 38 46 50 58 65 76 86 89 110 118 123 124 126 135 156 173 176 180 193 195 197 
23 4 7 12 25 27 33 35 37 38 39 55 58 67 78 79 82 99 132 145 151 169 195 199 
17 4 14 30 35 39 47 49 64 68 73 74 117 146 154 168 171 189 
19 9 13 17 29 42 50 59 61 84 85 89 140 153 154 159 165 183 188 194 
27 1 2 21 29 32 37 40 49 66 71 79 81 87 89 98 100 115 118 127 135 145 149 150 160 164 176 189 
21 1 2 4 7 10 22 54 59 75 81 86 92 94 101 114 134 137 145 151 159 169 
21 24 28 30 49 56 59 71 73 113 122 128 129 133 135 141 144 153 158 170 187 199 
17 25 49 50 68 70 87 94 97 98 101 105 119 127 154 182 185 199 
16 26 30 38 60 72 84 87 88 91 109 116 119 133 156 161 182 
14 1 23 47 75 78 87 92 93 102 113 119 139 180 199 
17 17 29 42 67 76 84 116 134 148 150 151 153 158 159 170 174 199 
18 6 7 26 27 30 43 54 55 58 65 76 80 101 106 112 118 153 187 
16 4 7 56 66 69 88 105 126 132 152 158 162 175 176 184 195 
19 1 13 18 27 35 52 97 101 109 112 113 114 131 149 159 160 161 162 166 
12 4 7 25 41 58 68 110 127 143 158 169 193 
23 16 25 33 54 67 75 86 89 94 108 114 117 120 127 128 129 148 151 167 169 171 178 199 
18 1 20 40 47 54 61 74 76 87 92 116 125 127 129 159 171 182 198 
23 7 8 47 58 67 77 81 83 87 94 99 103 119 133 147 148 150 163 165 171 184 192 199 
15 2 12 15 44 56 66 76 80 92 101 106 110 125 158 195 
17 10 20 29 33 34 44 52 57 59 60 78 119 123 130 157 179 184 
19 22 40 41 42 76 81 93 97 106 110 130 135 140 156 167 169 183 191 198 
29 2 7 11 13 16 20 32 38 44 57 64 73 78 87 93 97 110 113 122 132 133 147 153 154 172 180 189 191 193 
26 2 19 21 25 30 44 47 50 59 62 63 68 89 95 96 104 105 123 141 148 149 163 176 188 189 198 
13 3 50 84 90 97 112 122 148 149 156 164 177 186 
23 15 27 36 37 45 57 64 65 66 67 69 78 80 90 119 122 126 127 133 142 148 169 186 
21 20 31 35 49 64 69 70 86 92 95 104 105 116 124 127 136 138 146 151 172 191 
18 4 8 21 62 69 86 101 105 113 120 127 139 143 171 181 191 192 194 
16 28 35 37 39 45 55 58 79 83 100 133 162 167 171 177 182 
14 7 33 66 70 103 113 116 124 145 149 155 163 169 171 
18 1 14 42 49 51 79 91 92 93 117 135 142 143 152 176 181 182 189 
18 6 11 25 27 43 46 47 86 99 106 120 131 146 163 185 186 188 198 
15 9 13 16 17 55 59 66 72 97 114 124 139 172 176 194 
24 20 23 31 46 53 55 73 75 78 82 83 98 121 126 127 132 139 140 158 160 163 166 184 198 
14 25 26 29 36 66 95 102 107 118 138 148 160 166 171 
28 3 14 16 29 39 62 68 78 79 88 90 93 103 111 113 123 133 136 140 141 154 167 173 174 177 184 188 200 
20 4 22 27 41 58 85 120 124 132 137 144 145 160 163 164 170 172 179 186 199 
21 5 14 17 18 59 60 72 74 76 107 110 112 122 128 137 149 152 157 164 166 199 
26 5 6 17 26 32 33 44 45 57 58 65 67 71 84 90 92 94 105 119 120 132 133 167 173 177 185 
16 1 4 9 22 25 35 87 88 93 103 149 162 165 170 185 200 
19 8 34 57 64 70 81 93 97 99 108 109 129 136 153 172 180 186 187 200 
19 1 3 20 33 46 61 64 65 98 101 106 117 119 123 133 138 167 175 181 
25 1 6 16 41 57 67 73 82 86 93 120 122 135 140 148 151 156 157 162 164 166 176 179 193 199 
22 2 11 18 21 24 36 38 47 68 75 78 95 98 138 140 144 150 170 177 178 181 193 
21 4 6 9 10 20 22 40 60 85 89 99 101 103 109 110 124 131 182 187 188 200 
22 10 11 12 13 19 31 33 49 56 72 82 88 99 105 107 122 157 161 167 180 192 196 
15 14 21 22 43 59 65 91 109 147 158 159 164 167 173 180 
23 13 17 19 25 29 30 31 49 63 82 86 88 100 125 130 141 158 161 167 176 180 186 197 
18 3 9 15 27 49 55 80 96 116 125 129 147 150 164 165 167 193 200 
25 5 19 30 38 51 53 60 64 65 70 71 79 87 89 103 107 111 116 128 146 157 176 184 192 196 
22 3 6 14 25 26 39 49 51 58 59 75 81 91 104 115 147 160 167 169 171 197 200 
30 8 13 17 26 31 35 37 46 49 67 75 84 98 104 107 114 123 125 126 138 152 158 170 173 176 182 187 190 196 197 
27 6 17 24 27 29 31 35 37 51 53 59 61 65 82 87 90 101 107 115 118 125 126 138 149 179 181 190 
17 4 18 21 56 61 91 93 95 98 100 102 129 136 144 145 156 178 
18 15 24 25 41 69 96 97 98 104 118 146 147 149 152 166 181 185 196 
19 6 68 69 84 85 91 99 124 127 130 138 148 149 151 162 167 187 194 196 
21 7 19 26 28 37 41 47 50 55 57 129 133 134 154 172 175 176 180 183 188 197 
16 22 34 51 62 65 74 89 103 108 118 138 147 169 173 192 199 
22 10 13 14 29 33 34 73 75 80 85 87 142 148 149 156 167 171 172 183 191 199 200 
23 1 2 5 6 22 31 41 47 53 65 73 77 82 85 93 100 125 130 146 161 187 193 196 
18 7 13 23 43 78 95 106 118 122 127 134 147 179 181 183 193 194 198 
11 65 73 80 82 95 132 138 139 154 189 195 
20 10 14 22 24 38 40 41 52 68 97 107 121 127 136 140 141 145 146 170 194 
24 13 29 36 54 55 66 70 72 77 82 83 85 89 90 94 105 108 115 152 159 167 172 175 193 
23 4 17 33 36 40 42 46 50 51 55 60 64 67 69 113 115 123 156 164 170 179 185 195 
17 12 19 28 43 64 80 93 108 109 111 120 127 133 135 145 146 152 
17 11 25 43 62 75 82 83 92 108 110 111 114 177 178 184 191 192 
18 2 7 8 15 21 26 58 72 101 122 124 126 155 164 171 185 190 197 
18 5 8 47 80 84 93 104 106 118 122 123 153 157 164 169 177 191 193 
17 8 25 54 63 64 88 103 104 108 128 130 140 164 172 180 181 182 
14 30 31 51 75 81 85 105 107 128 133 144 171 193 199 
17 4 10 26 28 67 104 111 124 131 135 140 169 171 173 174 180 193 
24 3 23 27 31 51 54 62 66 71 82 95 98 103 104 105 112 114 117 146 159 180 184 185 196 
20 12 15 27 28 38 49 50 79 94 95 130 143 155 171 174 183 185 186 190 198 
18 32 40 41 43 54 59 60 68 92 117 119 123 137 138 147 157 180 199 
20 1 33 37 38 54 58 59 84 85 90 92 98 118 121 125 126 129 136 142 150 
23 2 7 25 28 41 42 55 61 63 77 78 85 97 114 118 124 127 129 136 159 171 177 182 
15 14 15 60 69 89 103 108 113 131 133 143 145 168 192 197 
13 38 45 51 69 105 112 123 124 131 178 188 195 200 
20 21 23 24 43 47 51 54 70 77 85 108 120 129 137 142 176 177 181 187 188 
15 35 40 72 82 86 97 101 108 118 145 146 149 187 192 195 
18 7 19 21 31 37 53 56 58 70 82 83 100 111 124 147 156 157 166 
18 4 17 28 34 44 65 71 80 89 90 97 115 135 136 169 180 189 191 
24 13 28 32 40 45 49 61 63 70 75 79 89 90 92 101 102 115 119 131 133 139 157 183 184 
19 1 22 39 47 56 61 71 98 110 123 124 131 136 140 162 169 176 180 185 
20 16 30 40 48 56 63 66 73 78 84 91 102 105 117 126 127 134 164 176 183 
13 1 45 64 71 112 113 126 128 135 163 165 185 200 
14 19 41 54 71 78 80 84 90 125 136 138 148 194 198 
21 5 11 21 32 38 53 58 67 87 93 96 100 101 107 157 166 167 175 176 178 191 
18 17 37 41 55 73 77 94 100 105 112 136 142 148 153 157 162 165 166 
17 5 13 15 23 25 62 63 78 88 136 138 163 164 167 171 185 197 
16 13 22 26 34 80 103 104 116 117 119 123 124 128 129 137 193 
16 1 13 19 20 28 29 30 41 44 75 80 91 97 106 146 194 
19 2 6 12 23 35 47 55 63 66 70 73 74 110 128 134 145 162 180 192 
33 10 11 15 17 24 27 36 39 42 54 64 65 67 82 86 104 108 109 110 113 128 132 135 147 149 151 161 164 168 172 173 183 189 
21 3 5 7 12 17 20 46 55 61 62 121 128 133 145 153 161 166 167 172 175 200 
