100 200
20 2 27 40 46 47 57 73 91 105 112 117 135 154 161 173 184 187 189 192 197 
19 4 13 31 41 46 49 56 63 72 106 110 123 141 143 155 164 174 175 181 
18 26 31 32 34 41 47 58 82 107 117 124 129 133 140 154 189 190 196 
19 3 7 9 12 19 20 63 77 123 126 131 140 141 162 167 168 177 179 181 
15 9 21 31 45 49 55 70 71 76 124 132 140 174 178 182 
22 9 45 57 68 90 102 103 108 111 115 122 125 137 141 157 159 174 175 182 183 195 197 
18 6 17 36 54 56 81 89 94 95 97 135 140 142 144 146 157 169 188 
20 33 42 51 74 83 96 109 113 119 120 129 136 138 162 173 178 180 189 194 196 
25 6 9 13 20 41 45 48 51 57 59 61 65 67 73 74 78 85 98 119 141 143 150 155 179 196 
21 2 3 4 5 37 38 43 49 50 55 61 84 109 122 124 134 154 159 167 176 181 
18 1 8 10 11 19 23 30 43 48 91 104 108 111 117 128 138 160 174 
21 2 7 8 15 28 29 41 54 66 78 93 113 115 122 127 146 159 161 178 195 200 
21 5 15 20 50 77 85 87 89 91 96 100 141 149 154 160 162 164 168 169 172 193 
17 18 20 21 24 34 48 51 69 74 89 91 93 107 114 148 157 159 
25 6 10 15 19 24 29 30 41 70 99 102 104 110 116 117 132 135 137 144 147 153 162 176 195 198 
20 14 60 64 68 74 76 78 87 88 91 109 141 144 152 157 169 177 185 186 188 
20 27 39 41 50 60 67 70 84 89 103 104 109 111 113 133 137 140 152 179 181 
25 9 12 14 26 30 34 42 44 45 51 55 60 66 81 89 105 129 132 146 151 158 176 181 183 198 
24 2 3 13 14 15 25 27 32 38 47 61 66 69 76 82 89 91 92 105 112 143 152 162 189 
27 1 3 25 30 33 40 45 65 67 73 76 78 87 97 114 115 125 128 132 135 137 153 156 159 173 183 191 
16 10 22 24 25 29 40 47 49 51 53 56 85 146 174 186 192 
26 7 9 20 21 36 38 41 42 53 64 66 67 81 83 85 91 96 116 121 123 131 139 161 165 169 198 
20 9 11 19 43 44 47 63 77 79 80 82 86 93 95 105 147 152 161 163 182 
26 8 15 20 26 31 43 46 51 61 69 70 74 77 84 93 103 114 120 121 124 126 130 132 146 181 190 
27 3 5 21 25 29 33 36 55 67 75 97 103 106 108 112 113 123 127 139 140 149 155 158 162 169 185 188 
24 6 8 9 16 35 48 64 75 87 94 102 112 123 138 143 150 151 154 164 166 169 172 187 194 
10 28 38 71 83 122 146 151 164 187 200 
19 8 13 35 48 51 83 89 93 106 112 122 131 132 152 153 154 160 163 167 
19 4 35 55 59 73 82 111 115 126 130 131 133 138 139 162 168 177 178 192 
27 21 27 29 38 39 67 70 72 74 79 99 101 102 105 116 126 130 132 133 139 140 141 153 164 183 191 198 
19 2 18 19 26 34 42 63 70 71 73 80 98 124 137 157 170 176 177 200 
18 6 7 36 38 40 73 100 114 131 138 147 158 165 170 181 191 197 199 
20 9 12 13 34 35 36 41 59 76 100 125 129 137 150 152 176 178 181 183 192 
18 8 11 14 24 32 33 49 59 69 112 126 137 142 168 175 181 190 194 
21 8 48 58 65 66 76 79 87 103 115 131 133 141 144 159 160 184 189 193 199 200 
27 15 17 20 22 27 30 55 58 79 80 81 90 91 112 116 133 152 156 180 181 183 185 186 191 192 198 200 
22 8 9 12 21 28 31 34 49 56 59 67 72 78 97 113 120 123 149 160 168 174 181 
15 4 5 24 38 49 75 85 89 91 127 135 136 157 161 185 
18 4 10 14 18 20 31 35 56 63 73 90 112 114 133 160 165 187 194 
23 4 36 37 38 45 48 50 61 72 74 82 99 109 121 134 142 154 168 184 190 195 196 200 
20 1 9 13 28 29 31 47 65 66 80 88 95 105 113 142 151 155 161 178 182 
23 15 24 25 35 39 43 46 54 60 66 83 108 128 129 136 139 141 143 149 157 160 166 197 
23 5 15 20 27 72 77 88 93 99 101 105 108 120 129 131 150 152 154 158 160 170 181 193 
18 2 23 31 43 48 59 64 94 99 104 111 115 123 150 162 166 175 185 
17 11 20 21 22 26 35 40 76 89 91 103 128 135 143 157 163 166 
15 25 39 40 48 67 72 78 87 89 108 126 160 163 174 184 
12 23 29 35 43 53 80 101 112 142 145 146 199 
13 19 35 41 49 52 61 81 98 109 147 152 154 173 
23 5 12 31 44 51 64 76 77 84 86 92 93 101 105 109 110 133 136 142 149 169 176 184 
21 5 9 12 15 27 35 39 44 52 63 66 96 101 108 145 155 169 189 190 196 197 
19 11 15 31 38 70 71 76 90 106 107 113 120 121 125 156 165 167 175 182 
18 4 34 36 45 49 58 84 85 99 101 108 111 113 117 122 128 134 150 
10 9 10 53 63 77 88 138 145 188 191 
14 2 27 36 64 66 83 93 105 107 110 124 143 163 173 
12 18 33 37 51 58 71 95 105 142 166 176 182 
14 14 16 27 40 42 60 73 93 105 132 137 155 174 176 
24 17 18 27 34 43 51 54 56 68 73 78 80 92 119 130 137 143 149 151 161 169 174 185 189 
20 3 17 21 29 40 41 47 50 61 80 86 97 121 125 130 139 151 175 182 197 
17 9 47 49 53 66 77 79 108 125 129 131 138 157 164 182 190 191 
21 15 19 66 72 74 77 91 101 111 116 149 151 159 160 164 170 179 182 186 187 190 
24 5 27 31 44 52 57 58 70 93 98 103 107 117 129 140 156 161 163 173 180 184 187 195 196 
19 13 17 34 38 47 61 87 104 109 121 122 133 142 146 157 159 170 173 179 
17 2 9 15 24 32 34 45 47 77 87 88 90 121 123 132 185 195 
20 23 24 26 27 36 39 47 52 55 58 94 97 99 110 122 127 135 165 173 184 
29 1 4 8 14 21 23 37 41 61 63 64 69 74 75 79 90 91 94 100 113 133 140 156 160 163 165 167 172 178 
15 4 8 10 44 55 78 84 87 90 148 152 169 176 190 191 
24 15 18 21 41 43 57 61 63 65 70 79 80 96 98 101 119 120 148 152 153 165 176 179 190 
16 5 19 37 66 70 91 102 138 148 157 164 168 171 177 178 194 
28 13 18 32 38 49 60 61 91 97 100 109 121 123 125 134 148 150 152 153 156 158 164 166 171 174 175 192 195 
12 37 60 86 93 95 105 114 120 127 142 176 191 
10 13 22 120 122 132 139 141 158 194 198 
17 32 36 47 54 55 61 64 69 80 84 93 110 118 123 128 192 197 
29 4 9 13 21 23 30 42 45 58 61 65 74 83 84 93 105 122 123 125 130 145 159 165 179 183 187 190 199 200 
28 16 27 30 31 36 46 51 56 59 62 78 89 93 98 105 107 115 135 138 145 150 158 161 172 173 176 180 185 
14 23 27 33 37 63 71 112 128 136 147 163 169 181 191 
22 1 8 14 37 48 49 55 65 67 68 69 73 83 86 116 129 141 143 158 178 180 187 
23 12 13 25 36 50 55 60 78 89 90 93 97 123 137 146 148 160 165 166 168 171 181 197 
20 29 35 39 40 48 56 58 61 72 90 95 104 116 120 131 149 157 181 185 188 
17 1 3 23 37 44 63 74 87 89 106 108 125 138 147 157 177 189 
20 2 4 52 85 91 107 113 115 119 125 131 138 139 142 153 166 176 183 185 195 
17 1 3 9 19 22 44 76 78 130 141 149 151 156 173 189 191 193 
13 26 30 31 39 73 76 79 101 111 112 168 170 183 
22 8 18 23 29 31 48 71 72 77 97 98 103 114 115 116 130 136 146 152 156 169 185 
14 7 16 40 43 50 61 77 95 110 117 133 135 179 196 
20 5 16 31 43 68 74 85 90 100 104 120 124 148 154 160 168 170 180 196 199 
16 14 16 25 45 52 75 95 105 109 118 122 123 134 144 150 155 
28 1 6 19 21 27 53 68 77 78 89 93 110 123 126 130 136 138 141 155 164 166 169 177 179 184 185 191 192 
18 8 38 47 55 74 103 116 121 132 139 145 146 159 167 169 178 197 200 
14 2 35 43 55 78 105 129 149 171 173 177 188 190 198 
17 3 7 21 24 50 60 71 72 91 96 97 103 137 144 158 163 180 
18 20 26 38 52 65 72 75 81 102 112 146 147 148 152 157 169 184 191 
20 8 10 25 40 41 52 64 88 90 102 106 128 134 139 150 152 158 167 170 187 
17 7 13 18 33 44 51 52 68 81 85 96 108 121 145 146 160 174 
16 6 20 32 49 50 51 88 95 109 115 129 166 170 174 188 196 
25 1 5 23 35 38 45 48 59 64 71 78 85 89 94 104 112 133 134 139 146 156 160 180 186 196 
19 2 10 36 45 47 50 67 84 112 115 123 131 133 138 147 166 173 183 191 
19 1 4 19 30 36 39 44 63 89 95 107 125 132 137 154 171 188 195 196 
22 9 11 39 41 42 47 53 54 55 66 76 83 86 98 122 147 152 164 166 180 194 197 
21 24 31 36 40 47 51 57 69 76 83 110 119 120 121 128 134 148 151 172 178 182 
17 2 13 15 16 45 68 108 115 122 133 150 151 153 155 167 190 198 
