100 200
15 8 18 19 29 40 60 62 71 101 125 147 151 153 156 159 
15 17 26 36 48 49 58 81 98 103 172 173 177 185 191 195 
21 9 14 21 29 34 69 71 86 96 126 130 144 148 150 153 163 176 177 179 196 200 
19 20 24 26 27 36 37 60 63 77 92 112 117 140 143 144 145 151 198 200 
20 2 23 37 42 46 56 60 61 75 85 87 93 102 123 125 146 148 155 157 196 
19 4 6 21 33 34 53 55 63 70 72 79 95 102 107 110 114 150 187 189 
24 4 9 10 24 26 42 43 51 63 74 78 79 82 92 106 109 112 119 162 166 178 185 188 199 
11 30 50 60 62 63 74 99 109 118 122 190 
21 5 6 26 46 61 62 76 86 96 103 116 123 133 135 156 159 163 166 180 184 189 
21 6 39 52 55 60 69 76 77 79 87 95 98 115 118 124 158 167 187 195 196 198 
22 1 2 14 37 43 51 56 57 75 90 94 110 116 122 124 131 137 142 151 157 176 197 
25 9 13 18 26 32 33 38 53 61 64 71 78 82 97 102 111 117 138 153 162 170 172 177 182 195 
25 22 23 26 28 52 69 78 85 86 97 98 110 116 117 125 129 136 166 173 177 186 187 193 194 196 
23 3 6 7 12 32 59 60 63 80 85 93 104 105 113 123 130 138 151 158 182 183 187 188 
19 2 8 9 15 18 24 31 62 66 75 78 98 123 128 142 175 176 179 194 
15 43 50 52 84 90 92 95 96 108 112 113 137 149 177 199 
21 8 10 17 25 37 51 53 56 67 72 76 78 85 92 118 123 131 155 165 173 174 
14 26 41 61 100 104 114 119 145 152 160 175 185 190 199 
21 5 13 16 17 33 36 42 46 55 57 82 102 137 144 153 176 182 189 193 194 199 
21 11 27 30 34 35 36 43 52 68 73 84 88 92 94 121 127 129 144 165 177 192 
15 3 10 15 17 21 22 49 52 89 111 132 133 153 164 181 
23 8 10 46 53 67 71 82 108 116 119 121 124 131 134 135 139 140 151 161 162 165 179 181 
22 19 25 38 61 66 69 75 80 88 96 101 107 109 122 128 140 151 157 167 169 197 200 
15 2 16 27 41 79 98 100 112 127 137 162 167 177 178 179 
14 3 18 40 75 88 101 102 103 124 131 132 156 166 192 
19 13 32 50 55 56 75 80 82 84 87 90 96 134 160 161 168 170 175 195 
18 33 40 63 91 94 113 116 125 136 138 154 164 167 176 180 188 195 200 
23 11 13 22 38 44 59 65 86 98 99 108 132 143 146 153 171 175 182 183 184 185 195 197 
14 1 5 24 42 50 61 70 73 114 120 130 145 158 193 
23 20 25 33 35 45 55 83 86 97 108 119 121 129 139 141 147 150 157 173 181 185 187 188 
22 8 14 18 26 33 51 69 71 78 97 107 108 109 131 142 154 167 169 177 187 189 199 
18 1 14 29 32 33 35 37 51 53 70 110 120 131 137 150 151 156 196 
20 13 27 38 42 46 60 73 76 84 97 108 153 158 161 167 175 180 188 189 192 
17 13 15 23 28 50 62 67 77 78 81 82 90 92 128 137 153 173 
19 5 7 15 20 42 50 61 79 88 93 94 104 108 114 138 143 147 154 157 
20 14 34 39 46 52 73 78 84 112 113 115 122 127 140 159 160 187 192 194 198 
14 39 45 46 69 72 81 112 114 147 149 158 159 171 190 
16 4 43 66 75 84 90 92 104 117 127 146 151 168 169 183 195 
28 2 4 7 18 19 25 36 37 47 50 59 60 71 86 98 121 122 132 138 140 142 147 155 157 162 175 178 179 
10 38 52 59 79 98 112 131 157 165 187 
23 8 9 15 18 27 30 37 39 45 55 86 93 97 123 131 142 143 147 148 163 177 183 195 
17 4 15 24 35 39 48 52 53 55 59 89 97 106 108 130 165 200 
17 6 8 17 24 32 36 77 88 94 102 110 113 129 178 181 186 192 
17 5 16 34 38 50 53 54 90 118 127 138 147 157 165 176 184 187 
17 1 3 47 69 72 74 96 97 100 103 108 111 130 138 144 197 198 
26 6 12 18 30 41 57 77 82 86 101 102 114 117 119 125 126 127 135 141 145 146 147 163 165 166 172 
16 25 57 59 76 97 98 99 112 122 136 138 144 148 185 193 200 
17 7 18 27 43 48 49 72 99 121 124 144 150 164 180 185 189 193 
17 3 11 12 13 16 21 28 37 38 53 63 108 111 144 186 189 199 
20 6 18 32 34 40 42 50 65 86 102 106 113 115 123 124 148 158 182 187 191 
20 2 4 5 18 20 50 52 58 61 66 77 85 88 93 107 129 131 143 182 198 
21 33 40 44 50 55 58 59 66 79 80 92 100 102 110 126 150 151 164 170 185 187 
23 6 41 43 48 54 59 62 64 66 70 96 113 116 122 138 139 145 152 178 185 190 196 198 
11 3 11 33 65 75 101 105 107 124 140 184 
18 1 11 14 16 20 24 40 52 53 55 65 81 95 102 108 112 119 179 
23 3 4 11 12 15 16 30 40 53 72 82 91 92 93 99 107 124 128 159 166 169 179 186 
19 6 11 21 32 62 68 93 109 125 129 137 139 140 151 152 158 163 176 188 
29 2 7 27 49 60 64 66 71 74 79 83 94 97 112 116 118 120 126 132 141 146 149 160 161 163 174 177 180 190 
22 10 35 63 65 66 67 72 113 114 116 120 130 135 139 153 156 164 165 174 178 184 187 
25 14 19 32 52 54 55 62 67 69 73 87 96 104 114 125 139 149 158 159 163 174 179 191 194 195 
28 4 11 14 30 38 55 59 71 79 85 86 91 92 95 102 104 116 139 149 151 153 155 159 171 176 179 182 186 
15 3 7 10 30 34 36 44 71 76 91 121 137 151 175 193 
21 2 3 12 41 49 61 66 70 71 80 90 95 113 125 143 149 151 165 167 171 186 
17 7 14 15 17 21 22 39 44 59 76 103 120 136 144 163 166 171 
24 2 11 41 43 48 67 71 74 77 84 95 97 111 131 133 139 142 145 154 155 161 164 177 191 
16 15 41 51 62 81 87 118 127 136 155 160 162 170 173 178 190 
16 7 20 39 44 52 66 68 74 82 91 118 124 154 161 181 198 
25 6 22 23 25 37 50 62 65 66 75 88 102 108 110 117 124 129 135 141 143 147 171 173 185 190 
28 2 11 15 27 29 41 51 53 55 59 61 64 75 91 118 124 136 142 151 155 168 170 175 184 187 194 197 198 
18 3 57 58 60 73 78 105 108 116 118 124 145 152 177 186 187 191 193 
32 2 13 26 30 33 39 41 47 52 68 70 71 75 76 78 84 85 96 97 104 110 137 146 150 156 167 170 184 185 187 195 199 
18 13 20 28 35 45 61 69 73 98 99 109 112 113 116 128 181 186 188 
18 22 23 34 69 74 81 93 106 119 120 133 134 137 143 156 173 185 190 
28 4 21 28 37 38 65 68 71 76 78 90 94 103 104 107 117 123 130 132 135 138 140 144 152 157 176 190 191 
22 2 12 13 17 23 28 29 36 38 40 56 60 80 97 103 113 133 162 163 169 170 185 
22 6 18 27 29 33 41 45 53 56 61 67 71 80 90 99 105 118 121 129 130 148 159 
20 14 36 37 74 75 81 89 94 104 119 126 145 157 166 174 176 177 178 187 194 
21 16 24 36 37 44 57 59 72 81 91 95 131 140 147 154 158 178 186 189 193 198 
21 11 13 25 40 44 50 52 55 85 98 102 113 116 126 129 148 153 165 173 184 195 
9 41 64 75 105 116 134 165 175 192 
22 5 13 22 24 28 30 32 34 38 43 45 64 65 75 88 96 120 131 162 170 172 180 
15 38 47 54 63 73 84 88 90 95 103 127 129 138 147 149 
22 7 15 21 43 46 62 66 86 88 97 98 100 109 123 127 148 158 180 191 193 195 198 
16 11 55 69 99 100 108 116 120 138 146 155 157 182 187 188 200 
16 14 17 23 25 61 69 73 75 77 112 113 114 121 141 182 191 
19 1 10 16 21 60 67 72 73 81 83 91 102 112 117 156 175 184 187 188 
30 1 2 9 11 18 24 25 26 35 36 37 79 80 83 86 90 92 99 107 110 128 136 137 144 146 172 175 182 186 193 
17 11 20 27 43 59 67 76 104 107 121 146 151 161 166 178 185 192 
31 2 7 27 37 38 46 47 52 55 58 70 81 87 90 94 110 123 130 131 137 138 151 165 168 177 181 183 185 189 190 194 
18 1 39 44 51 54 56 68 110 111 114 123 146 158 169 187 191 197 200 
27 3 10 11 16 25 28 56 61 67 69 70 72 77 80 91 109 127 134 144 150 151 156 167 180 184 187 199 
25 6 18 20 34 48 71 79 81 83 93 100 102 119 128 131 141 155 156 159 167 171 184 187 191 194 
25 1 10 12 23 29 32 33 36 53 62 63 64 67 91 94 101 105 106 112 131 132 138 154 191 192 
21 4 41 58 62 76 81 89 102 108 119 121 123 153 157 169 178 180 182 192 194 198 
19 15 58 62 83 92 102 116 121 125 132 138 157 162 163 183 185 188 191 194 
17 7 17 23 24 30 34 38 59 76 97 99 105 116 138 170 191 192 
13 17 26 80 88 90 100 129 140 141 159 166 183 195 
19 9 10 29 53 67 69 96 104 109 124 127 134 149 154 161 165 178 189 195 
19 2 31 32 33 34 39 41 45 96 100 111 124 135 162 178 188 192 196 197 
17 43 50 51 65 67 76 77 94 105 123 124 126 144 145 166 192 193 
