100 200
25 14 15 20 25 32 39 44 46 61 74 78 88 123 131 132 136 141 148 158 160 163 166 171 178 190 
15 2 8 12 29 36 64 72 73 75 80 108 111 118 124 129 
18 1 4 11 46 78 89 97 99 109 110 115 131 133 139 142 143 150 166 
16 6 26 32 43 60 64 68 94 101 113 121 131 146 161 182 195 
29 6 7 18 29 34 37 47 48 55 56 62 65 68 96 98 102 103 104 117 118 121 124 127 153 169 177 193 197 200 
20 4 15 27 35 70 92 100 104 113 120 133 137 158 172 173 177 190 191 196 197 
19 14 23 35 49 50 59 61 62 69 78 81 82 111 116 137 175 177 181 195 
30 9 10 11 12 19 25 26 37 40 43 72 73 87 90 98 99 100 109 110 112 116 127 133 136 138 141 152 158 188 195 
19 4 11 28 42 43 46 81 95 102 115 121 127 148 155 161 174 179 180 185 
22 6 12 16 31 40 43 52 60 88 91 93 97 104 105 113 115 147 159 165 169 194 195 
34 4 8 9 15 16 23 26 30 31 44 46 47 50 93 98 107 117 121 124 128 135 137 144 150 154 157 161 166 170 182 185 188 191 197 
23 9 22 25 28 45 76 77 79 85 90 107 110 115 120 122 135 139 145 155 158 159 170 187 
22 7 8 12 19 25 27 49 61 108 110 116 125 130 136 138 139 141 142 152 157 175 182 
21 5 10 18 23 38 41 49 63 85 96 97 109 120 123 163 166 172 191 193 194 200 
24 3 26 35 50 52 58 70 78 80 83 90 96 97 98 101 112 117 134 145 147 160 171 176 196 
17 10 29 48 54 72 86 98 116 135 149 152 158 167 168 176 186 195 
14 23 32 75 111 122 124 128 138 152 155 157 163 185 193 
20 2 19 29 42 56 65 95 125 129 143 146 148 157 161 167 168 172 183 190 195 
20 1 2 6 12 22 36 64 67 73 77 83 107 112 131 141 160 175 180 181 200 
19 1 16 30 45 54 59 83 84 101 108 118 129 142 148 159 172 177 190 194 
20 9 11 16 22 25 55 57 67 75 77 78 108 115 137 141 153 155 157 167 196 
22 1 51 70 78 83 84 98 101 106 108 112 124 130 134 139 145 149 157 165 189 191 198 
21 1 23 34 48 59 64 68 76 78 79 88 105 108 122 145 164 175 179 181 187 200 
19 5 10 32 53 58 59 60 63 67 88 91 95 98 109 122 130 145 157 181 
23 5 9 14 23 24 28 45 64 69 76 89 99 104 120 125 128 136 137 144 165 168 188 200 
18 23 37 45 52 57 63 69 74 77 79 92 97 100 119 145 146 152 194 
19 6 14 46 55 75 76 81 89 94 101 102 119 124 134 169 170 176 195 196 
18 18 30 31 43 55 64 75 89 94 116 119 130 142 148 156 157 163 164 
15 21 26 53 63 70 75 80 81 118 128 139 156 174 179 194 
24 13 17 18 59 65 73 74 78 90 92 106 109 126 127 144 153 156 161 168 183 195 196 198 199 
16 25 32 48 51 64 72 81 83 89 100 118 119 132 157 170 191 
22 4 15 29 39 47 50 53 63 67 79 87 97 107 115 119 120 142 185 186 196 197 198 
17 11 48 71 83 84 97 107 112 121 125 138 139 144 157 159 173 177 
22 1 8 13 20 27 33 36 39 60 69 76 85 100 108 124 154 160 167 180 185 187 199 
26 7 22 33 39 46 58 64 73 78 82 89 102 107 114 121 130 139 150 157 160 164 169 178 181 187 192 
13 11 37 46 78 82 94 108 111 128 145 157 189 196 
22 18 22 31 36 37 39 66 93 94 112 116 126 129 135 149 153 177 180 185 190 191 196 
23 4 15 27 32 41 42 51 65 86 92 94 98 107 131 142 150 154 155 163 167 186 187 197 
22 4 49 50 63 67 72 76 79 92 109 120 123 131 159 162 167 169 174 184 186 197 200 
24 10 16 18 30 37 46 56 64 66 68 80 81 91 122 128 140 145 148 161 165 169 175 193 196 
17 2 25 34 38 47 74 80 82 88 94 106 131 141 145 167 180 194 
16 17 22 28 36 76 80 81 89 93 105 122 128 151 157 173 190 
23 24 37 45 46 50 54 56 59 61 100 112 117 126 141 142 149 153 154 169 172 173 191 198 
18 1 4 5 12 20 47 52 54 59 68 93 103 111 127 141 152 178 191 
17 3 20 21 41 53 74 83 90 118 121 141 164 177 185 190 191 194 
22 3 13 22 25 29 32 49 70 95 108 109 120 121 125 130 132 133 134 148 171 183 199 
25 2 7 23 25 29 32 55 76 77 82 95 101 112 129 131 139 159 168 172 175 176 182 184 185 193 
27 8 20 39 46 47 52 56 57 59 69 71 73 80 81 92 100 101 104 110 126 128 131 144 148 160 181 195 
14 6 7 12 78 83 132 155 158 168 178 188 193 195 198 
12 17 94 108 109 131 137 140 146 157 160 180 193 
29 7 11 23 32 34 40 47 48 49 55 69 75 78 84 94 96 107 109 115 129 131 148 161 166 168 171 185 187 192 
23 6 21 27 49 50 57 69 83 87 93 97 99 101 112 117 122 126 144 162 184 188 189 195 
18 4 10 12 17 20 50 66 67 70 72 74 77 89 96 110 117 155 180 
20 12 22 26 42 48 58 65 69 88 92 102 104 106 108 130 131 133 172 181 192 
25 10 19 23 27 34 57 58 59 66 76 93 98 103 112 120 121 124 125 135 150 163 170 172 174 188 
18 5 19 38 40 43 44 47 50 55 66 69 73 77 81 123 148 171 188 
23 3 8 24 25 44 58 63 69 82 86 99 107 114 125 135 157 164 167 173 175 181 183 190 
19 3 18 22 56 67 75 97 99 119 122 136 140 149 155 160 170 175 176 187 
18 3 9 23 25 38 47 58 60 65 97 102 104 121 155 175 177 191 195 
22 10 14 19 21 22 33 34 35 43 81 87 91 98 99 104 131 158 160 161 169 174 175 
15 27 34 50 76 86 109 114 125 130 137 138 139 140 150 183 
27 8 17 21 24 30 34 41 42 50 54 60 66 67 87 98 113 123 126 129 130 141 144 148 165 176 179 183 
22 19 23 29 40 53 57 67 72 88 94 100 103 104 118 130 142 157 172 177 191 196 197 
23 11 16 20 24 27 36 46 78 95 99 102 104 126 127 130 133 156 172 174 175 184 189 190 
18 4 5 19 39 57 76 84 90 91 157 161 169 172 176 187 188 197 200 
19 7 9 11 12 25 27 28 29 36 40 43 51 54 61 78 84 130 173 197 
18 8 10 16 17 19 23 25 37 49 73 79 131 135 152 169 171 189 190 
17 1 8 12 42 56 59 63 65 77 88 110 128 135 158 186 189 191 
22 8 16 27 35 48 54 64 68 82 85 86 105 108 122 128 130 139 146 161 163 176 190 
10 52 92 102 124 125 145 153 154 180 191 
15 24 26 71 82 87 122 129 148 150 153 163 165 166 178 183 
18 23 25 34 57 69 75 77 82 93 109 119 127 147 150 167 169 174 180 
21 5 12 47 51 53 69 71 74 90 104 121 128 133 137 142 156 175 182 185 187 197 
23 1 7 20 25 27 28 34 47 74 77 87 106 117 126 128 142 159 175 176 188 192 193 194 
19 10 11 29 48 49 71 73 108 109 124 128 153 167 171 173 179 181 184 199 
30 2 6 16 21 29 43 47 52 61 62 73 92 99 118 127 130 132 133 135 136 142 154 158 162 169 176 183 186 187 189 
18 26 40 61 73 82 86 95 105 118 126 128 129 158 163 168 191 198 200 
19 9 10 19 30 44 46 62 70 76 86 95 110 122 138 152 154 171 176 199 
14 2 10 20 42 46 56 105 107 118 120 151 164 197 200 
23 10 17 21 43 50 51 57 65 73 89 95 102 110 119 128 129 131 137 142 144 171 191 193 
19 1 23 30 32 41 44 49 62 64 92 105 132 138 142 149 156 160 167 186 
29 1 5 9 14 21 41 53 74 76 87 89 99 102 104 105 107 116 117 120 126 139 144 147 154 157 171 173 182 185 
18 19 76 81 89 96 98 122 143 147 156 157 163 164 171 182 185 198 199 
18 3 12 30 31 37 53 63 69 98 100 114 121 123 136 150 158 160 177 
20 6 22 24 26 29 35 41 49 51 60 67 83 104 111 128 141 153 158 179 192 
23 7 10 14 20 23 32 37 43 63 64 67 74 87 96 100 106 120 129 136 170 173 185 189 
21 1 2 26 27 32 52 70 74 89 90 102 104 116 129 130 134 147 155 169 180 190 
25 14 18 21 22 31 41 48 50 53 60 70 86 89 107 108 123 124 135 138 141 143 168 175 196 200 
25 1 4 8 10 58 59 60 61 65 72 74 82 91 102 105 110 118 130 133 155 163 168 169 180 188 
27 4 9 13 26 38 39 45 47 51 53 60 61 67 101 103 123 135 137 148 158 164 167 185 186 192 193 194 
29 22 23 24 28 36 48 50 67 84 92 95 97 98 103 113 124 128 129 133 137 147 151 160 166 167 169 184 195 198 
22 8 12 15 31 44 54 69 73 74 91 101 108 110 112 124 128 131 153 157 165 174 198 
17 44 47 77 87 89 105 113 138 139 157 158 160 166 169 178 183 198 
19 10 11 19 40 43 65 75 82 96 104 107 121 124 141 150 158 163 183 184 
24 24 34 61 63 71 72 73 77 88 105 108 109 110 114 117 130 132 147 150 155 171 177 194 198 
16 4 9 33 59 98 103 104 126 132 138 142 157 161 168 179 198 
21 7 10 18 25 26 49 72 76 78 99 105 128 148 154 158 160 164 170 174 188 191 
31 6 7 28 33 45 47 74 75 77 90 102 105 106 107 108 111 141 145 146 151 153 154 166 182 185 188 192 193 194 196 200 
16 3 14 20 26 45 56 80 81 91 94 125 157 174 179 185 188 
18 5 11 17 68 85 88 89 98 100 101 105 117 120 122 124 152 155 182 
