100 500
12 112 156 200 245 287 296 313 319 357 368 474 480 
18 27 50 78 81 146 149 185 212 239 274 299 310 338 397 420 455 473 488 
9 33 118 159 167 175 214 294 319 384 
10 5 6 12 173 177 284 317 386 405 483 
10 256 262 350 388 394 398 403 421 448 494 
9 54 127 192 261 273 293 380 390 425 
13 30 34 55 94 151 161 184 273 275 281 315 334 500 
12 14 92 141 174 193 206 209 296 381 467 478 495 
11 27 79 111 135 171 172 188 334 354 463 498 
10 154 178 199 204 208 214 227 378 446 448 
12 72 88 116 119 122 123 137 202 312 314 322 341 
12 34 42 151 153 166 177 311 393 395 429 446 473 
8 47 125 261 339 401 420 421 423 
12 38 70 126 154 157 165 230 269 283 291 430 447 
11 29 34 86 325 344 350 363 378 423 479 494 
13 64 66 120 162 215 266 311 363 368 375 392 400 470 
9 23 95 138 169 247 256 310 377 400 
8 86 99 218 240 305 352 385 389 
10 61 101 119 127 160 253 268 373 454 465 
8 81 125 195 248 252 260 469 471 
13 19 33 70 190 204 225 321 372 398 440 461 470 486 
14 111 119 122 160 187 194 202 219 255 308 328 375 377 497 
13 72 109 120 123 203 217 221 297 316 362 416 431 483 
7 88 179 216 283 330 334 369 
15 2 8 17 39 43 117 138 158 171 173 188 203 279 340 490 
17 13 62 91 162 167 185 188 234 238 282 283 289 352 420 431 477 483 
14 46 142 163 182 191 217 237 247 309 373 407 430 487 489 
5 15 187 219 274 451 
11 4 14 102 134 162 342 359 385 414 466 496 
13 31 35 39 43 91 119 154 160 181 408 440 475 498 
8 37 66 96 121 424 443 474 478 
14 81 82 95 138 172 270 325 340 367 390 395 398 432 498 
16 49 71 90 99 148 162 175 263 270 283 301 303 324 349 454 464 
11 7 144 161 177 188 243 288 356 365 402 419 
14 18 23 42 43 44 58 64 90 121 171 216 256 318 410 
14 26 32 47 101 196 234 257 264 297 336 338 441 452 489 
10 50 96 173 301 303 335 348 399 410 438 
11 51 145 188 290 310 338 341 361 391 400 436 
13 21 41 70 119 161 169 172 321 355 356 388 412 421 
13 11 49 93 110 117 137 249 286 320 333 359 401 490 
10 24 41 55 59 77 99 153 251 303 498 
7 169 176 261 265 274 277 413 
16 18 39 54 80 165 169 182 183 191 192 193 196 247 269 388 394 
13 2 21 62 150 209 257 268 288 315 393 428 468 469 
14 37 49 55 96 119 177 226 270 324 383 417 427 438 449 
9 42 51 57 60 162 215 331 370 395 
8 18 40 276 291 323 390 487 498 
10 22 30 83 179 183 253 319 414 417 483 
10 34 63 155 183 220 236 411 421 470 493 
11 14 21 72 196 242 256 280 333 351 420 444 
13 55 65 99 135 139 165 205 258 350 366 369 437 472 
9 25 85 210 237 273 312 356 368 403 
8 59 68 97 205 240 404 414 418 
7 33 35 40 162 231 421 430 
13 25 146 186 232 236 261 268 299 324 327 333 372 460 
11 21 84 99 143 169 233 285 349 363 375 456 
9 24 100 259 329 360 388 440 444 453 
11 20 93 95 160 168 314 320 327 353 476 482 
9 31 78 103 135 204 246 451 469 488 
12 10 27 232 252 262 270 281 341 398 423 485 498 
13 112 133 191 223 244 321 329 333 352 382 392 433 454 
7 56 76 98 140 265 298 327 
11 4 18 28 121 251 253 306 328 331 465 487 
9 7 124 139 152 236 275 301 487 491 
12 42 121 138 147 229 275 287 297 339 386 426 448 
11 2 53 58 62 115 123 380 406 410 442 450 
8 3 92 211 274 278 338 445 449 
11 23 107 133 162 223 249 324 346 383 399 482 
10 122 153 164 253 286 288 322 344 374 461 
10 18 75 154 235 313 326 334 336 343 398 
12 15 60 82 101 150 224 225 318 395 409 468 469 
6 9 65 247 273 317 473 
9 41 81 180 197 213 241 405 413 440 
15 9 23 98 120 122 172 212 300 306 307 346 394 400 448 477 
7 16 110 209 244 348 379 457 
8 29 35 74 128 153 281 295 412 
14 18 59 86 113 120 166 210 270 349 358 371 405 446 488 
12 12 23 24 95 102 130 133 178 267 301 458 496 
8 9 118 222 313 361 384 449 470 
11 36 97 162 313 325 346 422 429 435 481 492 
18 5 36 64 72 87 105 107 149 173 238 240 259 272 335 338 406 420 433 
10 88 154 197 207 218 250 272 273 306 406 
12 5 56 100 131 140 172 210 297 368 377 396 416 
7 104 199 344 383 444 454 473 
7 87 136 170 273 290 387 455 
11 2 210 284 301 321 344 373 385 478 484 497 
11 20 38 193 242 314 317 361 365 386 488 499 
11 19 52 167 175 302 337 376 380 405 445 459 
17 1 41 52 67 89 100 114 129 169 213 297 304 315 333 339 345 346 
8 22 166 213 254 339 380 418 470 
8 66 109 117 271 290 295 320 388 
9 17 69 135 165 234 279 316 347 434 
10 14 27 104 185 198 288 292 299 393 484 
6 32 265 359 415 420 473 
11 2 73 100 105 106 129 166 192 223 346 355 
7 12 98 178 213 440 441 482 
18 45 82 108 132 165 189 243 264 267 310 332 341 346 393 416 449 462 485 
7 52 102 228 276 323 340 462 
14 33 35 48 77 134 177 236 252 320 352 364 398 485 495 
9 50 78 81 83 186 201 309 372 439 
