100 500
12 18 28 79 132 142 177 182 191 266 333 372 379 
12 79 105 107 110 153 187 237 273 310 327 368 474 
13 49 63 164 225 247 248 286 300 315 325 405 475 499 
6 223 312 314 402 436 474 
7 7 24 34 87 157 304 468 
11 86 182 238 288 290 380 387 394 450 451 457 
10 5 39 41 80 145 167 208 251 368 482 
13 27 29 137 158 282 306 321 323 350 369 392 401 409 
15 9 17 35 37 50 176 205 255 261 265 361 375 388 421 454 
13 56 68 181 204 216 217 240 291 294 316 393 413 453 
14 14 54 56 89 107 116 184 185 267 332 352 414 416 489 
7 16 204 304 366 407 471 480 
13 28 44 103 202 222 313 327 338 412 414 425 431 453 
10 38 84 107 114 125 151 217 260 310 343 
14 10 20 45 102 167 233 238 276 277 289 302 365 461 499 
13 79 84 105 126 132 134 191 199 280 287 291 496 497 
17 71 88 98 110 186 250 263 302 307 309 347 366 371 374 401 413 486 
11 11 68 88 97 210 272 298 312 370 396 400 
8 24 25 125 151 178 245 253 359 
11 3 20 27 36 79 85 145 184 239 448 496 
9 38 43 66 86 156 172 273 281 471 
11 55 67 104 207 227 268 270 282 292 305 411 
10 3 40 124 136 359 415 430 442 461 463 
8 183 205 243 258 427 434 448 496 
8 111 214 221 237 260 289 321 410 
11 28 79 86 89 95 105 147 274 298 383 494 
9 80 134 143 195 234 383 421 422 437 
8 124 133 143 278 342 378 413 466 
10 12 26 33 36 77 96 215 305 329 398 
8 81 149 275 277 340 347 440 447 
14 21 27 84 181 190 197 212 231 283 320 347 404 440 467 
7 37 100 133 165 233 353 446 
17 37 54 59 94 122 125 140 160 161 185 205 213 220 260 411 426 431 
14 16 19 23 88 143 196 237 354 403 418 419 437 488 500 
10 11 57 124 152 182 234 260 284 434 469 
9 58 90 114 149 252 331 378 457 496 
10 23 24 70 77 92 148 164 192 249 450 
6 259 276 372 411 460 470 
11 35 46 55 165 183 193 220 227 355 420 458 
12 48 54 59 117 203 269 319 331 360 365 401 465 
7 37 53 228 239 258 425 479 
12 69 80 125 170 238 291 296 306 320 432 439 498 
16 7 24 25 68 158 169 203 224 261 281 298 338 349 379 405 437 
12 13 224 225 265 282 293 295 376 391 437 449 462 
10 38 59 98 120 128 132 167 173 407 482 
11 1 17 19 28 263 289 317 362 397 439 464 
7 35 358 373 382 453 456 490 
8 164 262 305 358 452 473 480 483 
8 89 90 127 306 337 357 373 419 
13 25 132 277 289 300 323 327 351 354 375 400 417 499 
11 3 96 236 282 297 365 385 395 433 446 499 
12 17 54 72 82 115 154 221 229 364 409 417 475 
7 96 103 108 182 203 409 422 
11 17 22 103 223 230 269 275 283 382 401 454 
16 27 62 140 176 206 286 308 321 333 381 390 394 401 436 443 447 
12 47 178 218 283 307 315 353 361 416 421 463 498 
17 7 22 61 159 181 203 241 244 249 286 298 299 341 379 443 465 472 
13 118 122 137 152 157 174 237 257 318 324 348 360 435 
11 139 221 285 298 304 348 392 399 445 454 458 
11 13 46 112 150 198 297 303 317 433 441 444 
13 20 23 121 142 198 317 334 359 396 402 434 483 487 
15 32 46 102 111 150 211 217 221 230 354 360 364 387 388 443 
4 210 234 248 398 
15 16 49 81 139 146 166 188 263 309 344 367 397 403 477 494 
11 7 60 74 96 219 226 308 358 437 460 495 
15 17 34 138 189 216 241 265 277 356 381 401 403 451 480 500 
11 38 119 288 299 303 367 392 410 423 455 462 
6 62 158 185 273 382 473 
11 5 73 168 205 212 228 326 337 356 443 476 
10 40 83 87 134 144 165 349 432 438 473 
10 13 122 162 283 306 307 374 395 412 459 
13 19 42 79 100 165 173 219 223 235 289 303 430 481 
9 6 16 97 134 286 335 346 353 387 
8 93 305 318 395 405 424 478 484 
9 40 148 198 261 293 353 432 437 444 
14 62 110 132 155 181 191 196 271 310 318 337 386 404 482 
6 34 63 64 88 150 220 
16 61 99 103 135 147 168 191 224 302 311 315 323 378 405 429 492 
8 134 148 213 218 257 326 403 483 
12 74 114 149 165 166 189 191 239 256 392 394 486 
10 73 84 91 101 144 175 242 339 425 499 
17 8 32 38 50 51 72 107 147 159 286 298 373 377 383 389 443 472 
8 129 164 215 273 408 429 477 484 
9 29 52 90 113 123 345 371 382 442 
12 15 39 68 78 109 151 172 232 256 395 454 491 
12 33 46 88 147 163 195 206 266 381 393 435 447 
12 31 43 49 72 86 110 133 143 206 301 330 362 
4 133 254 364 493 
10 74 106 179 194 281 308 354 388 408 417 
5 82 107 133 181 485 
14 5 79 130 131 143 235 269 288 328 333 335 383 422 428 
9 75 92 112 138 148 238 258 369 409 
10 60 141 142 337 343 394 405 406 435 483 
12 27 28 32 46 56 59 179 235 339 348 373 406 
12 4 30 68 82 108 133 191 210 261 322 363 376 
15 31 50 65 75 96 117 191 236 264 339 347 348 416 429 471 
17 2 16 20 31 69 77 127 180 200 201 235 279 291 305 362 384 466 
11 73 88 171 176 246 336 400 408 414 416 447 
7 38 76 88 209 293 463 490 
12 33 103 130 147 194 202 260 275 313 333 342 357 
