100 500
6 27 57 173 259 376 444 
9 63 81 112 169 201 270 286 489 498 
13 51 102 125 145 201 246 252 262 373 388 425 468 469 
11 24 125 176 262 370 386 396 400 437 474 496 
9 57 103 193 226 250 352 410 427 428 
11 20 49 191 203 261 283 291 303 322 353 481 
9 1 27 49 149 228 242 327 349 362 
13 89 152 188 223 284 289 304 342 375 405 438 452 496 
14 11 30 111 186 214 227 268 276 297 306 335 367 446 447 
12 23 59 125 127 158 194 305 319 321 386 392 457 
12 29 37 50 61 140 177 226 274 286 353 414 488 
9 103 231 278 354 374 382 411 456 472 
9 81 131 183 267 269 289 325 375 444 
18 13 14 17 29 125 132 151 153 156 191 196 216 344 368 395 425 464 489 
4 108 118 155 271 
11 24 96 146 239 268 298 370 383 431 455 475 
11 79 90 104 178 259 295 342 354 360 372 442 
8 22 78 173 280 316 390 432 442 
10 67 72 87 106 129 166 256 275 304 481 
7 80 85 138 224 236 463 467 
4 53 118 406 459 
9 75 158 271 306 378 402 443 468 475 
9 11 79 87 141 181 215 303 304 348 
11 45 89 113 140 157 189 249 316 339 418 477 
5 80 98 121 238 460 
11 28 77 104 139 143 164 190 237 289 307 497 
11 3 67 92 94 106 140 177 192 305 326 412 
5 76 117 144 366 420 
9 15 34 109 185 219 266 267 296 345 
8 18 63 209 217 315 416 479 499 
8 39 43 80 205 261 351 356 494 
9 36 77 86 107 173 281 358 444 484 
7 94 95 99 101 298 358 424 
13 176 184 205 250 273 334 338 342 355 382 415 436 465 
13 131 204 245 261 286 302 314 317 323 327 347 380 385 
13 128 163 172 197 313 317 334 388 410 426 438 485 499 
15 5 47 102 123 149 165 185 220 263 328 334 344 371 444 474 
13 3 23 40 79 111 113 150 251 286 368 435 448 474 
13 23 60 61 120 207 213 222 236 364 370 408 454 491 
10 45 86 229 234 247 258 284 293 324 337 
8 1 92 162 273 362 384 413 428 
7 5 77 154 273 277 350 368 
6 26 102 224 248 253 311 
10 60 97 158 160 230 243 285 337 375 382 
16 6 33 55 79 95 110 114 143 150 207 253 302 305 329 458 470 
10 68 164 179 198 209 219 332 462 475 497 
8 107 132 144 167 205 303 475 491 
12 44 74 100 109 158 168 213 225 287 299 306 399 
14 13 18 88 143 184 306 386 389 407 418 437 441 471 487 
9 8 94 105 195 350 352 365 408 434 
6 185 210 297 301 412 469 
7 26 35 198 232 288 362 371 
9 63 153 168 182 184 241 270 420 449 
11 14 66 125 155 278 280 312 393 403 414 476 
14 16 45 69 182 195 201 209 221 252 390 407 424 445 477 
11 55 93 154 212 245 268 306 311 332 359 482 
9 19 25 26 56 129 131 185 348 430 
14 42 124 142 171 180 265 266 287 309 332 372 453 464 465 
8 10 24 68 103 124 235 346 393 
19 5 46 52 110 127 156 212 292 308 310 338 379 383 411 414 420 436 459 479 
8 141 186 199 221 278 379 404 477 
9 161 166 191 208 319 354 360 456 475 
4 12 130 309 361 
8 18 136 162 260 263 293 323 470 
11 122 124 130 144 150 156 187 252 300 358 483 
10 11 14 118 168 215 288 332 343 377 423 
9 39 50 145 170 285 289 433 443 450 
8 134 145 211 278 316 377 437 493 
12 12 21 89 184 250 268 307 347 387 396 450 486 
8 46 67 213 254 279 430 468 483 
8 31 71 99 248 280 369 415 418 
14 25 68 76 218 279 316 337 340 364 365 368 444 451 476 
6 87 98 115 253 428 468 
10 61 82 91 114 192 194 205 263 476 480 
6 4 7 59 107 330 473 
11 38 60 147 159 168 236 272 278 333 497 498 
10 62 90 115 137 207 250 317 318 348 406 
11 11 65 126 151 218 304 401 418 453 478 483 
12 1 41 104 164 168 195 227 233 245 316 414 477 
10 27 73 102 137 149 199 206 258 263 282 
10 29 56 83 128 205 257 258 346 429 463 
8 12 43 67 162 181 244 436 439 
11 36 54 175 208 336 361 404 419 440 481 496 
6 84 185 221 319 381 397 
6 107 360 424 462 466 476 
15 37 44 79 166 168 220 244 276 294 345 402 421 469 472 484 
11 70 104 111 125 145 160 201 331 342 359 472 
7 32 133 213 264 274 357 465 
14 7 43 63 110 145 178 240 263 325 327 377 391 402 473 
8 9 34 58 148 150 285 320 405 
10 13 41 59 64 164 191 330 355 379 381 
10 2 63 80 98 115 118 218 318 363 411 
9 48 187 233 252 253 308 312 422 499 
13 13 43 62 115 119 160 202 215 316 335 363 414 415 
12 37 73 120 122 152 200 203 255 461 487 489 492 
11 12 55 77 186 290 302 398 417 487 490 495 
11 113 120 135 152 174 245 314 354 387 394 500 
7 4 77 90 116 135 186 262 
11 114 205 276 282 409 410 414 419 449 461 486 
5 31 81 140 341 359 
