100 500
11 38 54 56 84 103 205 215 257 336 375 445 
18 33 47 62 99 172 178 180 191 216 246 280 301 377 385 420 439 447 467 
14 10 23 70 96 97 126 187 318 345 350 354 375 466 473 
10 33 125 132 142 153 202 390 406 411 414 
10 38 167 193 213 226 319 338 424 434 484 
9 20 51 65 75 105 193 254 306 329 
11 148 214 232 244 289 359 418 420 449 457 490 
13 41 94 217 262 266 278 313 357 385 401 415 440 498 
13 23 43 51 57 99 114 223 224 308 335 360 473 493 
14 33 43 61 63 75 104 110 188 278 350 371 406 447 459 
7 28 98 140 295 307 409 433 
7 7 16 25 95 152 220 244 
14 38 122 254 273 278 302 329 357 360 416 423 430 443 493 
11 15 103 122 184 203 338 363 369 410 440 481 
9 43 77 116 121 224 287 310 410 454 
5 24 49 303 376 480 
9 143 156 177 256 382 397 427 457 483 
2 314 497 
11 17 47 63 135 143 186 280 336 452 472 497 
12 44 46 60 139 147 154 242 289 346 421 431 436 
13 12 24 70 82 120 151 161 222 252 293 385 393 497 
9 10 102 327 330 341 342 355 363 416 
14 14 74 103 150 198 263 270 280 328 372 388 398 424 495 
8 78 321 361 378 382 427 481 488 
12 11 12 32 37 40 44 59 66 182 208 229 292 
12 44 65 86 106 120 166 204 216 233 280 324 492 
9 52 64 214 266 268 276 303 313 441 
14 2 40 79 87 89 177 267 277 287 306 390 417 423 435 
10 18 61 197 237 340 342 442 459 476 492 
9 4 7 10 136 220 264 308 405 473 
9 43 108 140 189 201 383 437 460 498 
10 31 71 92 143 149 177 281 361 395 499 
12 35 43 47 51 75 78 199 291 312 374 488 494 
11 8 99 115 146 234 248 262 402 454 469 485 
16 15 46 132 173 180 228 253 286 305 329 364 382 440 478 490 498 
12 24 25 60 98 117 145 272 339 362 368 370 438 
16 33 84 93 174 214 283 292 299 349 353 356 365 385 418 427 494 
7 4 23 24 156 288 406 488 
17 22 26 36 61 72 73 101 104 167 276 285 341 346 358 389 431 460 
7 118 166 177 190 261 427 429 
10 3 56 91 129 185 209 226 302 443 455 
14 4 23 36 81 110 138 143 153 168 190 234 420 447 486 
6 7 45 85 132 211 261 
12 35 64 67 76 163 173 188 214 286 325 486 492 
8 90 137 228 236 285 294 341 365 
9 86 137 171 230 232 322 372 419 420 
12 39 45 161 172 209 232 295 364 393 399 408 485 
5 43 130 348 395 476 
17 9 51 152 156 163 172 176 222 235 261 276 310 312 335 339 429 451 
11 5 8 20 135 245 254 297 362 376 422 446 
15 16 110 129 144 178 191 192 279 312 354 362 384 412 415 496 
8 50 65 107 257 326 409 466 485 
11 30 47 79 113 183 246 267 416 446 455 463 
11 11 56 111 112 127 252 253 303 315 461 471 
14 36 44 185 193 205 272 277 295 302 344 379 390 428 458 
10 111 113 196 206 275 358 374 415 448 475 
16 2 113 158 195 210 216 249 269 274 367 373 417 435 480 482 491 
7 26 75 226 289 291 306 383 
12 29 66 69 109 129 154 200 204 247 266 286 490 
8 8 124 140 141 159 386 425 489 
5 28 209 211 395 499 
8 87 194 232 315 346 385 395 449 
6 75 304 338 412 444 484 
8 6 107 210 238 281 305 362 387 
15 11 18 24 26 114 165 255 268 282 314 429 455 467 473 488 
3 55 347 449 
6 113 191 192 356 421 458 
8 1 109 139 191 240 241 416 423 
15 9 76 100 166 167 171 175 231 240 264 344 364 404 448 449 
6 21 83 167 252 312 400 
10 48 73 106 171 244 288 303 312 349 480 
12 136 183 211 239 246 248 300 316 362 398 459 484 
5 120 169 181 318 328 
12 68 102 123 130 133 147 164 229 251 258 290 332 
14 115 119 121 128 164 166 178 213 243 265 302 313 402 500 
10 65 66 88 136 160 227 354 402 429 462 
12 7 155 197 202 225 228 276 293 411 413 426 428 
11 40 102 158 210 213 219 249 278 334 350 486 
8 91 109 121 207 220 226 260 276 
11 31 80 175 202 203 272 309 341 384 454 479 
11 12 19 98 167 187 259 292 339 371 438 453 
15 93 109 221 249 252 254 271 298 315 324 366 380 381 402 469 
4 134 315 407 446 
11 122 126 193 194 212 218 284 320 449 490 495 
16 8 27 80 122 143 162 163 177 278 322 330 358 361 380 391 392 
10 7 47 58 65 103 133 269 445 468 477 
13 13 34 60 79 149 235 296 345 355 356 396 446 478 
12 41 106 108 208 224 241 250 263 311 362 464 498 
6 114 170 202 461 472 474 
10 26 54 57 77 131 150 206 225 341 454 
6 23 42 106 222 341 386 
10 9 15 18 310 315 352 381 397 444 470 
17 16 115 122 168 174 204 211 262 287 331 343 370 376 399 411 446 465 
14 6 7 51 53 139 156 309 345 389 424 445 458 478 485 
9 48 141 157 158 264 293 333 406 484 
9 24 56 105 149 163 179 235 351 377 
9 243 279 323 337 360 432 469 485 486 
15 10 26 70 128 130 156 177 183 190 217 220 323 393 406 450 
10 56 101 123 213 236 317 322 375 385 394 
15 7 77 99 122 147 192 211 290 300 342 358 403 456 484 487 
