100 500
10 106 109 186 214 217 345 354 380 419 460 
13 44 49 76 96 125 155 322 387 427 435 447 463 479 
13 1 55 96 105 126 239 268 271 343 345 386 401 437 
12 16 74 144 150 152 240 259 287 338 391 412 491 
13 21 46 80 103 119 258 288 333 378 379 425 452 470 
13 4 16 56 186 196 274 283 309 329 393 409 416 433 
10 79 87 108 233 323 332 360 406 415 488 
14 110 176 189 208 267 281 290 333 372 428 429 446 451 490 
12 23 97 120 151 155 197 251 308 328 375 417 432 
9 33 35 63 66 142 197 223 383 467 
7 49 97 127 203 279 425 428 
8 138 140 151 165 304 445 481 493 
17 16 46 61 172 178 206 209 246 263 331 372 389 435 436 448 453 466 
9 76 226 253 265 295 306 317 387 456 
14 10 51 127 129 135 153 163 166 202 209 243 273 307 445 
8 148 167 277 310 318 336 396 488 
11 22 40 46 189 196 219 249 302 347 383 478 
11 19 131 175 184 193 221 264 276 281 344 441 
9 3 89 180 190 267 279 314 316 336 
5 77 161 206 325 372 
15 54 71 90 107 124 173 207 243 264 287 292 299 341 348 474 
13 1 19 144 201 247 287 321 350 363 474 475 494 496 
11 1 2 5 21 96 195 274 333 408 409 470 
11 36 62 104 165 208 268 280 342 352 361 381 
12 4 6 20 26 87 119 128 170 234 265 320 355 
11 15 31 85 91 104 130 152 267 360 367 468 
15 12 53 92 100 217 218 225 239 250 267 293 311 351 384 477 
10 38 82 93 225 244 269 282 420 454 500 
13 7 19 52 78 107 120 220 298 314 315 343 346 416 
9 4 25 26 57 123 222 266 341 343 
9 38 105 116 150 270 338 411 448 473 
9 91 146 149 178 291 344 375 422 487 
9 26 71 132 135 146 219 315 360 371 
8 56 87 214 321 334 410 439 471 
11 38 72 152 365 440 446 459 474 477 483 499 
13 3 27 96 160 237 268 290 300 307 336 397 472 486 
9 43 50 168 209 267 389 397 401 472 
8 31 69 180 213 337 415 487 495 
2 370 441 
11 29 38 75 91 96 113 135 141 304 327 337 
5 2 179 240 341 349 
16 1 22 26 95 106 128 224 228 247 262 266 311 373 403 424 426 
12 28 68 186 247 290 345 350 382 398 415 467 473 
7 72 174 182 184 306 467 482 
6 18 271 279 410 420 428 
10 53 78 120 189 350 374 411 457 465 489 
13 29 135 137 147 153 163 166 210 256 281 286 358 456 
11 72 221 242 301 317 335 363 366 420 431 450 
15 14 37 51 136 143 146 155 168 197 301 330 344 399 476 484 
13 42 97 142 175 210 223 230 231 243 245 252 340 461 
9 133 181 279 283 345 406 414 444 493 
13 2 41 43 60 75 77 158 175 247 272 339 347 404 
9 49 119 150 250 265 278 281 328 356 
4 14 358 377 455 
8 42 58 78 85 118 192 402 469 
8 13 46 76 162 265 326 338 357 
6 42 152 177 272 317 343 
8 87 127 134 214 216 275 299 493 
17 51 83 86 135 136 171 194 211 255 276 301 382 392 439 440 454 456 
7 98 204 227 246 286 380 440 
10 81 108 112 163 261 276 305 312 478 500 
13 48 133 146 156 198 203 290 298 306 316 417 462 464 
8 147 235 257 314 326 371 431 498 
8 21 65 159 163 395 430 442 473 
15 5 24 67 71 97 104 105 178 187 265 289 291 322 388 412 
8 74 188 303 334 390 402 446 476 
5 88 142 261 302 449 
6 109 228 248 322 356 431 
5 137 215 226 301 393 
11 8 69 107 130 156 224 245 299 327 330 498 
9 121 286 319 345 353 358 368 422 464 
15 22 39 41 47 68 84 92 164 252 300 302 372 401 413 433 
12 23 43 45 54 91 99 114 152 270 385 399 492 
12 16 45 49 50 157 208 275 305 388 447 471 477 
8 10 34 231 241 289 347 399 429 
7 72 76 315 423 442 444 483 
9 10 50 58 122 131 257 341 405 456 
15 9 64 102 151 152 212 222 226 236 287 314 351 365 392 415 
7 18 38 44 176 313 350 459 
7 15 50 298 383 401 419 497 
13 8 39 111 118 191 232 245 276 285 384 410 443 448 
14 5 15 26 59 87 98 117 184 185 362 410 411 471 500 
7 32 124 133 136 229 264 358 
6 64 66 128 261 275 451 
11 13 48 109 115 259 306 317 349 438 485 500 
5 122 232 275 282 483 
9 65 172 274 296 302 316 389 412 455 
12 154 174 214 236 243 254 260 284 372 402 409 454 
8 94 193 199 232 282 297 376 445 
10 17 73 83 103 119 205 238 364 426 480 
12 32 76 121 152 158 228 236 277 334 362 416 492 
6 70 261 342 349 365 433 
8 56 75 119 138 169 217 359 421 
16 12 109 130 177 200 205 208 209 278 294 323 337 369 407 458 500 
7 75 112 188 197 261 307 402 
16 30 58 114 139 146 184 221 247 266 268 330 387 394 418 426 441 
9 68 74 101 154 172 247 324 469 483 
10 25 48 82 145 183 389 426 434 444 464 
14 11 18 34 41 64 128 248 326 336 400 411 424 436 468 
9 34 141 217 245 248 255 271 404 410 
