100 500
21 1 16 37 111 114 140 180 184 273 293 300 309 312 360 388 389 390 391 409 418 423 
30 48 65 81 90 96 97 116 125 128 141 142 156 158 159 198 220 238 302 308 314 315 347 384 389 400 424 446 469 483 490 
23 4 37 53 68 90 115 141 145 151 171 230 259 284 337 338 371 376 382 406 407 414 470 497 
20 16 20 28 32 35 72 110 133 169 221 235 239 298 380 386 440 441 460 464 490 
20 39 57 66 99 115 117 153 154 218 246 312 317 336 338 373 401 440 452 494 498 
35 3 6 30 39 47 52 95 97 102 111 115 116 117 123 126 140 158 179 197 213 217 257 286 309 325 336 348 366 382 388 396 407 442 462 485 
30 4 12 41 76 81 108 150 155 163 178 181 199 204 216 224 231 250 259 268 270 311 337 347 358 382 426 440 450 465 498 
23 40 60 67 128 143 195 223 226 227 294 309 325 340 348 349 352 390 425 474 479 484 488 490 
25 17 32 62 83 101 134 198 199 213 215 222 254 271 275 276 301 319 331 332 339 345 357 384 448 486 
27 16 21 74 131 177 208 222 237 263 265 268 289 306 312 328 330 344 360 418 423 438 444 452 474 480 483 491 
22 54 59 69 74 104 109 114 125 142 166 184 192 222 249 255 275 280 321 353 405 418 428 
23 4 15 24 59 74 101 162 174 175 180 201 254 256 267 315 316 402 407 435 438 439 440 454 
20 11 103 105 117 135 142 156 185 238 249 326 346 348 353 376 379 419 425 465 487 
33 32 40 45 55 69 71 78 103 119 135 138 143 155 182 203 204 208 220 280 300 306 318 321 348 364 409 432 433 459 463 469 475 482 
27 11 34 41 53 64 109 116 124 158 177 200 213 239 244 264 278 283 318 346 349 362 408 420 450 468 496 498 
25 16 35 43 77 78 91 102 123 139 141 148 163 194 213 224 278 279 280 307 308 343 349 356 369 380 
20 24 31 34 35 63 66 67 76 106 108 161 168 241 267 305 335 382 392 401 425 
22 52 57 66 126 151 165 209 234 242 273 280 336 347 353 354 364 376 393 437 472 483 493 
26 50 60 75 90 136 141 169 186 210 243 258 299 303 309 313 325 337 369 374 389 392 441 451 468 491 492 
30 32 46 53 74 77 83 97 100 123 160 164 175 189 194 195 200 268 274 280 337 345 358 366 374 381 413 456 461 471 491 
24 23 29 66 68 74 88 103 119 126 156 174 245 267 274 331 348 350 356 357 393 433 460 477 486 
32 4 15 21 34 43 46 56 85 104 107 116 126 127 140 161 170 185 188 200 230 236 267 296 319 358 371 433 435 441 455 495 496 
34 24 27 42 45 54 63 69 74 83 88 93 113 144 174 194 213 231 291 301 341 355 362 364 366 368 379 383 398 400 430 441 448 482 488 
27 9 15 21 36 49 53 67 69 120 130 158 161 178 207 231 240 244 260 269 295 341 347 349 409 422 431 487 
33 7 17 45 49 51 68 96 98 105 123 148 157 191 196 207 224 227 230 241 242 249 275 307 313 326 363 376 441 458 463 464 470 480 
25 26 102 119 120 124 180 216 240 245 253 268 271 281 341 362 385 400 428 439 447 448 461 475 477 482 
26 18 54 72 94 105 158 165 169 171 178 185 194 211 231 234 235 273 279 325 334 341 374 414 415 416 465 
29 16 65 78 110 155 158 182 196 207 222 241 243 271 274 287 297 309 353 378 385 388 390 401 410 438 461 463 488 497 
20 6 21 94 105 144 146 178 190 260 289 300 305 318 346 349 364 452 465 482 491 
27 2 16 29 38 59 78 91 108 118 130 133 145 147 157 173 212 213 241 245 264 270 366 399 406 419 424 473 
19 7 11 38 44 54 113 148 201 215 245 270 271 290 310 320 348 357 403 496 
25 3 28 53 57 73 96 100 115 125 139 205 224 253 287 293 296 299 323 329 331 336 337 374 397 439 
28 1 12 16 44 64 65 80 128 136 138 241 243 275 292 310 323 327 328 338 341 394 406 426 440 446 495 496 497 
25 36 56 79 81 150 156 160 197 201 208 214 283 289 290 292 296 298 301 400 423 433 434 468 476 489 
29 3 9 13 56 57 66 67 95 139 148 162 165 195 212 240 243 328 339 347 362 366 396 405 414 415 435 446 459 489 
29 10 21 29 30 31 40 70 124 148 189 240 258 300 346 348 355 356 357 368 370 389 393 394 400 431 442 450 475 486 
22 1 11 16 31 72 91 113 115 149 179 187 203 217 232 279 311 361 381 403 417 435 480 
31 2 3 19 20 67 69 148 153 157 171 174 205 228 251 266 272 274 298 350 360 372 385 397 408 433 448 450 469 476 477 489 
23 32 51 58 68 69 83 91 101 120 125 184 209 237 241 255 270 306 426 431 442 449 483 489 
21 10 39 84 109 122 133 139 159 160 223 251 254 257 291 312 374 405 411 424 459 484 
26 9 21 45 69 96 121 152 170 195 208 219 225 251 270 285 334 355 360 369 384 396 413 419 431 441 444 
21 7 48 109 111 133 135 184 226 247 255 288 291 330 346 350 358 361 383 411 441 479 
19 8 31 42 44 123 139 172 173 191 215 234 246 261 270 294 323 362 412 439 
24 1 38 44 53 74 107 113 129 153 168 174 242 251 262 279 300 303 355 381 390 398 402 457 462 
28 15 30 39 89 107 122 140 142 176 217 240 262 268 271 280 285 287 298 310 311 319 321 340 382 387 392 443 458 
24 12 23 64 91 109 167 175 198 244 263 274 292 314 329 358 371 400 446 451 455 461 473 484 488 
29 34 48 50 63 88 100 135 137 145 160 179 205 226 227 245 264 269 293 310 340 342 388 412 443 468 470 471 474 485 
17 7 11 56 80 82 128 199 239 257 315 338 395 430 442 455 491 499 
20 3 13 36 97 120 185 209 247 272 296 302 304 324 327 386 399 413 420 428 496 
20 4 12 39 43 55 172 191 201 221 292 299 360 378 382 385 396 415 422 423 464 
18 16 50 68 93 111 120 144 174 206 224 270 280 288 409 422 451 459 463 
28 32 51 52 105 129 152 162 173 174 194 232 239 249 252 275 282 284 360 393 416 419 422 432 438 467 483 484 499 
19 37 69 115 145 195 197 250 274 276 324 341 351 356 375 402 447 453 457 465 
26 11 21 26 122 132 160 163 179 186 194 207 213 256 276 298 341 346 351 365 387 400 413 416 429 442 466 
25 46 59 70 102 144 185 209 219 233 249 279 282 301 312 317 319 334 338 340 362 365 410 430 468 491 
17 10 24 63 116 156 186 225 229 270 286 324 360 372 388 413 418 422 
35 71 99 100 120 125 135 136 141 142 143 150 162 176 192 203 264 268 274 277 297 305 306 308 351 363 367 371 375 376 400 411 445 454 463 490 
23 55 61 65 71 96 109 169 185 211 237 269 319 338 362 366 402 422 433 438 449 451 479 482 
23 7 10 11 116 124 204 212 220 232 235 238 243 247 288 380 388 399 415 418 471 472 491 497 
21 12 20 52 97 106 120 159 165 212 224 225 254 278 294 332 369 378 442 475 484 491 
31 8 23 59 62 66 88 118 125 143 169 188 190 195 197 231 256 259 262 272 285 289 293 351 365 377 381 414 432 441 480 487 
22 57 86 122 172 193 216 231 255 259 262 265 298 311 312 339 362 413 415 434 474 478 488 
26 28 35 43 65 72 79 105 161 178 211 235 236 244 297 346 361 375 382 383 388 390 407 408 424 428 464 
18 10 20 21 37 87 89 135 182 244 327 342 347 367 368 384 418 432 494 
33 22 39 54 76 139 154 156 172 173 174 209 211 215 224 236 241 245 266 285 319 320 333 361 369 393 403 427 444 446 455 456 458 485 
18 91 125 143 160 163 175 182 218 225 287 308 360 382 405 425 427 452 482 
25 7 60 61 71 88 108 130 131 147 155 189 195 199 201 207 268 270 310 335 396 427 476 478 482 499 
28 35 42 51 79 93 95 106 127 144 154 159 209 221 224 235 244 280 313 318 326 335 345 351 374 411 451 452 486 
23 6 14 57 71 91 98 107 109 194 201 224 233 243 251 326 342 377 383 393 409 442 448 490 
26 1 35 37 52 63 66 89 135 147 159 162 177 181 195 198 233 244 251 402 403 420 442 465 471 472 486 
17 5 53 76 91 141 208 225 246 338 342 346 359 387 391 407 443 474 
16 46 49 53 87 146 152 185 202 281 312 357 393 400 411 421 424 
23 21 59 98 107 128 138 160 171 178 203 208 232 247 285 296 315 340 349 369 391 412 444 456 
36 5 7 14 28 49 57 73 81 100 102 109 110 111 112 122 141 144 181 189 222 234 248 249 280 291 308 311 321 332 348 350 413 420 435 450 464 
27 16 25 73 87 99 173 189 196 197 199 219 222 258 263 290 301 324 346 365 373 378 404 425 473 474 483 490 
23 1 29 63 74 98 127 139 177 188 193 240 298 316 335 341 369 401 425 434 436 446 461 482 
27 13 47 88 139 147 170 177 182 209 214 220 246 247 274 302 330 349 350 362 370 393 409 448 455 467 475 496 
26 24 27 47 77 116 124 142 170 177 196 233 241 242 247 272 295 328 360 365 380 389 401 437 472 490 494 
30 39 73 106 109 128 154 174 204 221 233 234 248 272 284 294 338 340 358 382 383 387 397 404 411 428 440 444 472 484 497 
23 9 24 26 52 55 66 103 105 119 122 152 163 164 189 300 308 360 363 375 386 419 437 463 
25 9 31 32 89 94 98 156 160 177 211 252 281 302 318 327 335 362 377 390 393 418 423 451 453 468 
17 2 18 47 88 114 116 134 144 180 190 233 271 282 309 341 357 395 
22 71 80 161 166 174 202 205 246 282 324 327 343 360 361 387 408 441 458 473 477 479 491 
30 16 30 31 64 68 73 82 84 142 166 168 172 194 197 207 224 286 300 357 358 372 373 387 403 451 455 459 488 496 500 
35 29 39 78 86 100 133 146 160 168 204 214 216 220 231 236 255 260 267 277 296 319 333 345 347 350 351 358 372 379 382 385 399 409 441 460 
25 7 9 32 48 52 67 111 112 149 150 212 213 238 290 292 305 314 324 359 363 379 392 442 479 497 
31 8 15 22 41 48 94 98 135 145 152 162 167 174 184 187 210 252 257 286 287 291 302 323 332 353 375 382 411 484 488 500 
21 5 41 42 58 64 111 133 146 151 199 215 229 252 278 294 333 378 420 451 487 488 
32 2 31 40 64 67 99 104 123 144 155 191 192 223 229 236 240 255 259 277 291 307 312 344 379 384 388 409 411 426 446 462 488 
27 8 50 54 65 68 86 87 134 181 206 256 274 281 321 335 336 337 365 368 431 440 441 469 472 480 487 489 
31 1 20 22 34 48 49 61 93 121 141 166 192 199 202 222 288 312 313 318 327 361 409 416 423 427 434 456 467 475 489 499 
21 20 28 40 84 116 123 127 179 195 242 252 263 279 299 323 353 408 413 433 445 490 
22 11 33 48 103 128 147 199 234 261 265 270 278 314 329 343 362 401 405 435 456 488 492 
32 25 35 40 45 55 62 70 78 99 106 124 135 143 156 160 175 177 207 239 241 248 251 262 293 312 336 343 388 392 430 439 496 
25 7 12 71 76 81 146 149 154 165 211 221 223 233 253 256 272 348 358 377 408 409 436 439 444 452 
23 1 2 23 39 70 114 121 207 223 234 236 242 248 254 260 342 365 375 385 410 429 481 495 
17 2 6 16 92 96 116 141 253 286 288 294 321 322 341 398 414 470 
19 8 10 35 69 98 103 143 149 162 183 199 232 268 392 422 441 449 459 474 
27 20 54 64 70 80 105 123 124 125 130 136 138 151 154 169 175 198 207 234 313 331 365 385 388 395 404 411 
16 5 51 112 132 141 171 212 238 258 334 360 381 400 424 467 490 
