100 500
21 13 66 73 84 98 103 105 166 167 193 226 251 303 371 382 384 385 413 416 472 483 
26 13 22 27 62 63 83 105 125 160 164 180 237 272 273 286 332 333 337 356 357 369 371 378 413 419 479 
26 11 21 28 34 40 48 73 76 83 112 132 134 176 215 254 282 285 304 306 308 314 320 366 395 484 492 
27 11 65 76 80 85 94 100 165 177 212 213 232 258 271 288 301 308 315 350 359 360 388 428 455 464 470 481 
29 5 9 12 19 149 171 183 185 194 239 241 249 253 256 280 284 287 300 309 318 329 335 356 381 431 439 474 480 500 
29 25 44 45 61 67 96 100 108 154 170 207 223 264 266 268 280 295 296 305 331 345 352 369 391 412 428 438 453 471 
23 6 7 11 13 76 103 178 221 258 292 294 330 364 398 411 415 431 437 448 456 457 493 495 
27 32 53 61 62 79 113 114 127 135 148 175 202 257 292 353 366 383 391 392 433 441 442 459 470 473 487 492 
33 11 16 70 75 119 120 129 136 138 144 156 173 184 187 195 211 245 249 264 278 310 345 358 383 399 400 403 417 449 468 479 484 499 
26 27 28 29 30 35 86 126 137 142 188 201 218 228 238 259 263 292 309 312 356 381 387 388 411 458 463 
21 1 27 134 155 163 176 201 224 260 267 276 336 375 380 408 409 411 448 458 470 492 
30 12 34 44 65 67 92 108 114 118 119 131 137 146 149 190 194 232 269 274 285 312 329 351 371 392 450 470 476 485 487 
25 44 106 141 163 167 180 218 233 250 254 282 285 292 340 351 356 361 375 392 393 414 433 467 479 499 
22 5 73 91 144 173 188 193 249 256 298 308 322 349 354 415 435 443 446 476 479 484 489 
15 41 145 170 195 212 238 243 282 297 359 395 426 449 460 494 
21 56 86 90 97 112 119 130 158 161 168 227 247 262 270 277 316 392 396 416 443 452 
26 68 79 85 87 89 93 114 144 176 191 196 201 247 264 274 298 331 346 356 387 406 407 426 465 483 493 
31 12 63 123 124 141 142 150 190 201 202 223 249 259 264 290 303 331 333 334 337 358 388 393 400 423 429 444 452 469 477 498 
22 17 29 76 87 113 178 187 204 205 282 295 319 328 392 404 408 413 445 454 473 476 480 
22 51 90 101 131 135 147 155 194 203 208 279 301 356 366 375 381 388 389 414 416 439 450 
19 37 45 52 103 116 136 143 160 164 167 194 205 218 262 289 352 412 427 498 
29 4 12 31 36 51 90 100 102 138 194 224 230 287 292 322 331 347 372 386 392 407 418 439 454 467 468 470 491 494 
23 17 76 87 120 139 152 213 219 220 235 246 252 275 301 325 329 352 353 356 431 473 492 494 
21 17 23 63 83 92 116 120 123 160 201 211 213 269 295 360 375 386 396 428 495 497 
22 27 90 127 138 173 183 188 208 243 252 263 280 357 385 399 412 419 444 450 461 464 493 
27 28 51 60 69 76 83 85 97 100 124 161 162 170 171 183 219 245 261 290 310 361 393 397 414 452 463 495 
18 9 14 21 120 164 206 208 213 229 257 260 264 279 389 408 413 424 431 
30 22 80 86 97 123 138 154 161 167 196 200 213 229 236 244 266 293 326 328 361 372 392 414 426 439 453 458 468 485 490 
28 40 57 79 86 100 107 120 134 138 152 180 183 239 246 258 274 277 326 341 382 395 419 447 451 479 482 484 497 
21 17 21 22 45 48 61 63 140 187 198 214 230 260 298 361 366 374 390 411 472 490 
18 70 102 179 188 226 239 251 272 278 296 334 346 350 389 396 430 439 445 
27 12 20 38 48 50 60 65 79 80 95 113 121 170 201 247 263 268 300 306 315 328 333 391 433 436 448 480 
21 7 44 52 73 100 128 131 158 185 200 252 334 354 370 398 401 426 431 456 465 485 
32 15 69 97 100 120 122 150 153 161 175 219 258 271 291 308 309 312 332 342 344 372 375 379 401 407 419 443 452 458 469 483 498 
26 24 33 71 114 136 142 156 165 166 188 212 223 234 235 240 258 286 289 307 309 375 414 436 442 445 448 
19 77 80 114 118 167 229 232 275 291 293 298 333 334 362 386 414 442 460 480 
14 1 46 55 126 181 182 262 277 330 379 442 451 472 483 
28 51 61 94 105 118 135 137 146 159 167 178 193 201 217 231 242 249 304 316 322 324 340 364 408 425 446 456 471 
18 46 64 72 80 197 242 249 260 262 269 297 300 344 357 418 439 445 468 
22 10 49 126 142 158 160 171 209 215 229 234 249 250 286 293 294 302 320 376 441 455 482 
29 10 30 31 38 43 49 57 91 118 138 154 159 172 173 209 212 213 238 239 290 316 322 332 333 348 349 378 427 498 
18 4 28 50 75 133 169 186 226 293 294 299 304 318 343 411 433 447 451 
37 10 26 50 72 84 99 107 114 130 169 173 179 241 248 251 263 270 283 292 301 317 333 338 344 348 373 376 379 405 411 416 422 435 450 492 493 495 
26 15 26 38 50 73 84 95 124 183 184 197 222 238 257 273 313 400 411 428 431 445 454 456 457 459 481 
33 7 8 48 57 66 75 125 135 151 179 182 187 191 214 217 234 241 259 279 284 297 305 327 344 348 359 362 370 386 394 398 406 428 
24 19 23 40 79 80 123 138 179 203 205 207 240 244 252 284 286 317 326 440 445 446 466 467 475 
27 21 27 43 65 79 87 90 108 128 144 214 286 314 317 338 343 366 369 373 381 433 445 455 456 462 487 500 
22 20 31 84 125 161 207 211 230 277 283 332 333 334 372 391 413 434 447 464 466 486 496 
26 13 15 84 94 117 129 146 181 214 227 232 238 244 250 251 263 271 300 351 372 405 447 449 472 487 500 
36 3 17 43 55 56 72 79 99 108 120 131 132 137 149 161 200 239 243 263 277 281 285 334 347 372 376 385 388 402 425 430 433 439 446 467 495 
27 9 18 29 101 148 153 170 177 188 190 220 264 270 301 313 342 343 373 377 403 419 420 456 476 478 480 489 
13 30 101 155 180 264 265 280 303 415 424 430 490 492 
16 30 52 67 100 169 186 195 222 324 337 365 368 432 460 469 495 
28 10 20 35 83 84 87 95 100 113 124 157 173 187 192 297 312 324 329 332 336 345 351 384 456 468 476 486 496 
23 4 7 16 21 37 73 83 87 101 104 147 173 177 186 255 280 290 302 303 364 391 393 482 
17 35 58 89 119 126 132 189 196 203 213 256 275 335 364 372 436 500 
20 10 51 53 89 97 150 181 187 224 245 253 269 278 307 378 398 410 428 464 483 
17 3 6 16 43 105 192 197 222 246 293 348 380 422 439 440 452 462 
26 3 10 32 59 85 86 150 162 220 242 263 264 296 336 362 376 380 387 391 404 406 407 430 432 442 498 
25 57 101 110 128 139 156 159 178 195 198 229 238 256 286 314 318 320 364 369 378 408 417 426 451 496 
24 19 20 38 65 68 77 94 119 165 179 244 279 291 306 311 348 364 365 381 385 386 407 435 457 
30 11 22 40 43 56 79 99 174 182 202 205 220 247 256 257 289 313 322 328 337 387 393 410 419 446 451 473 476 485 488 
25 17 19 29 76 93 100 155 164 188 209 237 246 247 256 261 269 299 309 349 355 403 422 450 483 494 
26 7 31 35 37 40 101 107 109 116 118 169 175 185 187 205 243 251 263 269 302 330 333 348 370 417 437 
26 5 7 20 44 49 56 88 136 171 193 212 213 260 269 270 295 327 352 366 382 445 464 469 485 492 495 
27 12 26 29 42 43 53 88 95 125 151 153 159 177 187 190 286 299 359 360 368 372 381 420 442 453 455 497 
31 15 23 41 59 120 133 154 156 166 171 209 217 219 226 244 252 256 288 295 299 301 306 309 389 390 395 411 439 467 474 499 
18 93 108 118 178 185 220 275 280 286 351 364 370 431 456 461 481 493 496 
32 36 39 43 90 94 100 111 122 125 138 149 175 182 190 194 219 221 223 251 269 277 295 335 346 358 370 407 447 449 462 469 483 
27 9 42 47 51 89 92 124 133 189 200 212 248 269 280 289 302 304 347 348 370 372 374 386 433 470 478 479 
31 14 41 55 64 69 75 80 87 99 108 151 152 203 213 223 249 263 271 282 286 291 292 306 311 315 395 423 425 426 431 464 
32 5 12 29 40 43 71 85 94 100 112 118 170 202 218 229 238 251 265 267 287 293 302 306 334 352 359 396 422 430 474 495 500 
20 1 9 30 93 101 103 183 193 194 214 223 303 362 402 418 436 437 461 469 491 
20 37 71 89 110 115 131 142 144 206 253 270 274 289 333 356 416 446 447 458 484 
29 18 21 29 43 57 60 91 93 125 127 166 190 199 209 242 256 279 302 331 349 359 378 384 394 432 445 447 449 482 
21 67 77 90 95 98 104 109 115 174 196 211 219 267 290 327 351 361 378 408 415 474 
23 1 16 67 69 93 106 134 137 142 169 191 259 263 274 303 308 314 346 404 415 428 429 462 
27 6 16 42 76 83 88 91 93 112 175 182 217 223 246 250 256 267 283 289 290 308 349 361 395 464 486 496 
25 4 23 27 68 77 97 120 149 162 178 203 210 227 253 259 291 320 332 385 389 416 429 437 477 480 
21 2 28 41 49 66 116 147 164 177 196 242 287 309 336 344 357 392 441 492 494 497 
21 1 38 71 86 88 107 141 207 232 268 290 305 355 361 393 420 449 450 465 497 499 
25 17 33 60 79 90 108 114 171 185 197 235 259 286 288 319 374 375 380 383 395 404 415 425 457 468 
28 9 33 76 105 143 151 163 190 196 199 210 279 292 295 343 345 351 363 367 383 397 409 444 446 463 467 480 498 
30 8 19 31 43 63 93 99 114 130 184 208 231 237 260 269 301 303 316 330 344 347 376 377 380 382 388 447 449 464 493 
23 10 39 50 86 134 135 155 163 198 213 237 267 304 316 345 354 370 383 388 391 402 465 467 
21 6 21 74 78 87 126 149 153 156 167 197 216 229 257 294 326 338 371 379 383 438 
27 35 76 89 106 155 157 165 167 173 193 196 206 245 269 270 277 290 321 333 340 345 352 386 448 463 469 489 
32 30 41 61 69 72 79 93 117 122 131 148 152 157 165 171 200 215 226 230 247 251 277 295 321 328 375 403 448 455 456 463 464 
26 53 54 90 91 92 115 119 122 133 154 214 294 303 309 314 323 338 349 361 381 391 393 411 446 449 475 
28 3 23 38 40 45 57 74 87 107 112 130 132 176 185 192 215 233 238 250 254 258 260 301 308 401 404 466 495 
21 7 30 53 92 138 144 161 236 240 251 263 302 371 379 399 402 421 426 465 467 496 
28 16 21 37 62 70 84 97 104 143 170 179 187 196 208 223 255 265 266 270 276 282 340 355 363 369 415 423 438 
29 17 28 41 71 118 128 143 159 175 198 203 224 230 231 235 246 247 288 297 301 315 357 389 391 394 404 428 440 448 
15 5 59 63 92 154 205 288 316 320 346 382 394 411 435 495 
21 4 29 30 82 83 127 156 176 182 189 220 221 224 238 264 267 351 419 423 459 464 
24 6 11 32 34 37 68 81 88 131 141 156 158 186 193 208 274 310 330 383 431 442 444 465 479 
22 3 9 27 28 44 128 131 140 152 184 226 268 287 299 339 409 419 424 452 455 456 489 
32 14 16 96 126 144 149 159 161 162 167 175 177 186 209 217 227 247 259 278 282 307 346 364 369 381 389 428 447 452 477 487 490 
25 17 44 77 86 100 119 121 122 123 139 142 159 180 225 238 244 272 284 291 296 366 404 441 495 500 
22 10 51 55 71 90 92 140 143 162 173 214 227 252 280 283 312 341 356 393 434 444 477 
