100 500
22 45 57 66 90 119 155 168 172 178 193 232 249 258 265 270 308 327 359 382 425 468 500 
19 37 40 46 50 61 142 150 157 159 163 167 172 199 265 274 365 372 379 478 
22 78 83 100 110 115 124 132 149 151 172 194 196 236 265 277 323 358 373 387 454 463 467 
20 24 27 46 58 75 91 114 118 130 149 177 213 252 313 332 354 394 416 421 479 
22 24 39 57 101 140 157 166 213 215 231 238 263 264 275 307 323 324 348 389 392 482 499 
22 5 14 60 79 99 103 145 156 160 200 246 247 294 367 370 389 394 448 468 476 477 492 
22 33 45 83 85 89 96 121 129 134 150 153 167 188 207 292 298 304 347 367 404 426 467 
33 3 13 39 45 46 70 102 110 115 124 135 138 141 148 168 196 197 199 217 232 237 259 269 306 311 345 383 386 400 436 442 462 471 
22 16 24 28 43 45 52 55 57 77 104 116 154 177 187 193 257 263 325 360 361 371 393 
23 17 56 65 74 75 89 113 160 166 178 199 208 246 307 340 350 359 405 417 422 434 486 490 
31 12 48 59 64 98 104 105 114 153 192 193 210 232 256 270 272 285 300 314 329 332 397 419 437 444 445 460 470 488 490 491 
34 6 12 25 63 72 105 122 130 134 139 144 155 162 167 170 179 201 211 224 237 242 266 281 319 331 358 367 379 438 445 462 463 470 495 
19 2 22 29 44 56 67 94 108 130 147 190 217 248 284 318 400 401 410 420 
24 21 37 43 49 53 56 99 129 164 227 246 271 279 282 299 319 348 375 390 395 396 405 471 475 
17 54 63 66 81 121 132 159 175 202 209 261 345 365 414 449 495 497 
23 4 36 37 51 60 62 81 100 120 146 156 161 185 222 227 275 301 305 414 450 459 461 467 
20 39 42 80 86 109 115 116 125 139 167 231 255 269 282 345 353 415 425 466 477 
24 19 27 56 62 111 119 123 155 220 232 234 267 306 311 335 355 359 416 439 450 456 471 478 481 
27 17 25 33 57 130 138 155 156 200 211 221 226 246 261 270 279 289 309 311 319 327 350 354 356 413 418 447 
33 6 22 23 33 41 118 119 124 171 172 173 195 209 214 243 245 259 271 274 282 286 312 317 334 337 363 392 415 459 461 475 486 488 
29 4 41 46 60 74 77 90 93 104 128 148 157 162 169 171 176 198 215 228 260 271 276 281 285 339 372 392 456 466 
21 1 28 30 94 131 137 146 170 184 212 247 252 262 263 269 313 321 337 338 380 440 
24 16 27 52 76 105 135 159 168 220 266 285 294 299 307 329 357 370 381 419 433 435 452 469 491 
29 41 43 70 75 95 107 115 124 125 127 133 143 184 240 243 244 266 316 318 357 380 386 409 433 437 440 446 456 497 
27 8 48 85 90 108 152 177 189 192 208 210 215 216 219 261 280 289 292 308 345 362 390 391 393 403 408 479 
28 23 38 39 73 88 111 137 139 142 143 184 196 200 201 211 216 217 257 279 286 289 297 375 379 384 389 461 493 
21 11 58 71 73 91 104 125 128 146 184 198 279 294 297 305 316 358 402 462 469 476 
29 2 14 24 47 51 84 93 151 163 190 198 215 230 273 279 285 311 363 376 387 394 416 427 437 448 467 476 479 485 
27 9 76 128 137 156 159 171 173 191 231 253 261 320 344 350 373 386 412 415 422 433 443 446 449 455 483 497 
26 3 15 29 47 77 85 105 106 127 151 186 194 258 263 292 320 323 335 336 352 364 393 425 441 444 451 
16 15 95 218 224 262 268 286 304 333 382 403 468 472 480 496 499 
31 24 27 33 43 58 76 77 136 141 158 166 198 215 231 254 277 280 282 305 307 308 311 321 350 431 456 466 472 490 497 498 
25 5 77 97 129 168 170 212 235 242 255 276 292 296 312 341 353 368 444 450 455 471 472 475 480 500 
24 3 7 19 33 118 131 165 183 192 205 253 261 281 291 308 341 363 379 392 408 452 467 475 487 
30 133 135 157 183 197 215 222 294 296 297 303 309 323 333 336 373 392 401 407 427 428 434 435 438 444 445 463 473 477 489 
14 36 58 97 212 251 267 272 344 374 393 398 403 437 492 
21 14 47 56 59 132 171 179 219 228 229 235 247 307 316 337 339 436 443 450 456 470 
25 5 7 36 72 78 90 106 109 116 130 173 209 214 224 263 271 280 343 414 432 440 448 453 455 458 
23 19 24 74 81 87 98 129 163 203 224 265 314 335 350 361 372 376 383 384 413 457 487 497 
24 1 43 49 82 87 104 174 190 203 220 232 252 295 304 321 344 350 375 416 423 427 456 481 490 
28 24 25 34 35 49 60 74 88 115 129 135 154 161 196 208 285 304 313 323 332 334 348 359 388 401 429 468 498 
30 19 21 28 40 51 90 123 127 149 159 192 235 250 271 303 309 331 332 355 383 386 389 400 417 420 422 446 447 485 499 
30 29 47 50 70 90 109 158 163 170 174 184 195 227 234 236 243 244 245 259 264 299 307 319 326 354 357 369 389 432 446 
25 4 5 9 21 23 30 76 91 106 119 136 152 177 181 195 276 295 356 392 422 423 440 444 464 481 
31 19 25 26 58 63 66 72 74 113 117 119 171 175 182 193 197 201 229 232 246 254 325 352 366 395 408 415 425 489 494 500 
23 6 22 25 38 46 64 111 141 153 211 244 250 254 263 266 317 330 348 377 455 461 464 489 
27 1 8 34 44 52 54 61 126 141 148 149 156 159 174 204 214 229 246 282 328 335 347 365 370 436 458 466 
19 3 20 26 61 64 130 220 241 253 268 288 302 334 338 351 379 415 447 473 
25 41 69 144 145 151 170 186 195 203 221 225 264 275 350 385 396 413 421 437 443 450 461 478 481 500 
25 65 105 151 218 234 243 250 256 260 281 283 315 339 345 384 408 412 415 419 431 433 442 480 482 484 
24 18 69 85 95 128 143 186 187 191 196 213 234 255 267 285 300 313 316 379 380 388 426 466 499 
18 2 24 33 38 83 126 150 175 230 240 264 283 377 391 439 461 471 494 
25 6 12 60 84 102 104 119 120 167 201 202 208 267 276 286 347 357 387 389 406 426 433 437 485 487 
25 14 75 88 100 130 171 179 201 205 214 234 250 257 266 267 272 306 328 339 369 387 404 422 423 492 
18 12 38 49 54 92 129 169 178 183 185 229 231 327 332 340 382 446 478 
29 4 9 62 120 125 129 192 199 227 230 233 239 252 279 283 304 323 355 359 367 368 369 371 387 390 444 460 482 488 
34 23 29 49 76 88 108 123 124 125 167 175 178 238 255 265 269 279 306 313 325 348 367 393 409 413 420 426 446 457 461 463 470 473 495 
25 78 87 101 133 190 198 214 218 221 228 243 275 277 299 373 392 409 423 466 468 477 479 486 497 498 
32 40 41 43 93 106 109 113 125 129 138 146 164 175 188 201 218 227 229 232 279 288 290 346 361 370 394 414 462 466 468 479 498 
21 81 96 101 102 104 145 161 194 271 308 343 358 376 388 397 412 420 443 447 449 467 
23 15 16 35 40 104 114 123 129 143 159 176 191 198 217 246 250 285 300 380 389 408 411 488 
22 39 70 174 186 212 223 242 247 264 281 296 331 339 340 404 417 436 442 446 457 485 491 
24 41 66 68 111 127 134 169 253 261 279 282 308 320 329 344 364 380 393 401 421 427 435 471 491 
25 13 40 111 141 152 188 197 246 257 258 272 298 339 346 396 399 416 423 444 447 469 473 480 497 500 
29 12 49 57 99 101 117 120 133 136 138 144 165 168 187 192 228 237 291 321 334 349 352 372 387 396 412 472 488 492 
32 2 9 13 15 16 19 21 24 82 125 179 180 223 229 272 273 291 310 338 341 363 385 400 418 422 430 437 450 453 459 472 483 
32 5 21 58 84 109 111 114 119 120 139 168 170 228 256 259 283 292 305 319 333 342 360 368 407 417 435 450 465 472 487 493 496 
23 19 26 36 74 84 106 117 157 192 193 194 203 215 253 282 290 300 337 372 395 435 474 480 
25 31 34 60 89 93 128 169 187 192 200 201 209 272 278 286 318 323 372 406 410 414 434 437 446 490 
20 17 24 33 80 91 93 95 106 108 111 138 208 234 316 367 413 421 454 467 494 
30 5 13 18 56 63 91 97 131 139 150 163 175 226 231 240 253 260 278 286 343 348 361 384 428 430 440 451 469 470 487 
26 3 14 29 51 99 104 111 113 158 224 239 244 292 298 303 340 345 388 389 395 399 418 440 447 466 489 
30 3 8 26 39 45 53 64 67 70 88 143 145 171 212 236 250 252 284 288 328 329 378 379 392 406 411 415 433 445 473 
22 30 41 69 72 89 98 141 174 243 269 289 295 298 314 352 361 426 429 442 448 456 461 
24 10 23 36 89 91 101 133 169 176 177 184 220 231 235 240 346 347 445 450 452 469 471 475 499 
25 7 27 41 83 94 101 107 143 164 181 194 201 255 273 284 304 322 339 378 380 385 397 417 450 494 
32 1 8 63 67 81 83 96 97 104 120 142 200 222 245 247 287 289 302 315 319 324 331 333 347 348 350 363 374 376 381 457 492 
22 9 58 62 79 91 134 146 173 256 288 294 315 321 360 384 421 422 448 450 452 472 495 
26 5 27 88 99 106 133 174 183 184 198 242 246 251 256 258 319 342 343 349 371 394 435 440 478 480 498 
22 33 39 58 65 99 115 177 185 209 211 283 309 314 321 370 385 391 395 431 448 480 491 
25 7 52 91 98 104 108 109 144 151 168 211 254 255 270 279 286 296 311 323 353 396 434 475 481 496 
22 60 79 83 101 108 147 179 187 207 215 240 268 320 328 358 370 373 390 461 479 483 495 
19 15 113 150 163 173 201 227 229 259 274 279 294 330 347 356 367 393 422 489 
21 23 56 85 115 130 135 145 151 156 204 244 249 276 364 374 381 433 440 456 462 481 
21 24 33 48 60 69 97 100 110 116 137 148 191 203 244 346 354 356 366 386 391 426 
30 15 20 56 70 91 117 129 159 174 182 227 237 249 255 258 276 294 330 349 354 398 403 412 413 417 426 429 447 473 499 
19 45 52 57 89 93 132 150 159 168 179 224 314 320 324 333 406 413 449 499 
24 1 5 112 114 131 133 151 177 190 196 205 221 246 251 252 300 343 352 384 412 415 421 424 430 
36 2 15 51 53 57 67 123 128 131 133 141 148 150 162 169 172 184 189 202 206 222 247 257 266 285 315 339 345 357 364 396 421 423 443 460 499 
24 6 10 11 59 113 131 153 203 205 206 220 255 262 263 264 323 346 362 391 406 407 426 439 467 
25 8 54 70 75 81 103 107 134 207 211 254 260 309 336 354 387 413 422 447 451 462 476 477 482 484 
16 5 6 8 17 85 138 161 186 208 217 293 363 414 422 443 479 
24 1 18 21 42 45 56 101 114 118 121 126 141 236 244 337 354 433 440 459 466 468 471 486 494 
29 28 45 63 72 105 111 126 162 163 184 201 203 212 215 260 264 331 354 364 367 380 413 428 433 439 457 461 474 480 
19 22 82 162 169 192 210 231 249 261 268 286 301 313 382 391 401 425 467 490 
25 21 62 73 95 117 136 148 202 203 213 214 282 292 299 316 325 336 383 385 392 440 442 444 448 483 
27 2 4 32 38 41 75 79 88 94 117 131 174 221 226 230 236 274 282 344 407 427 450 471 472 474 489 500 
21 3 5 8 31 34 42 55 115 149 227 240 261 273 282 292 355 425 430 480 488 492 
24 25 27 58 117 137 146 214 267 277 279 325 327 329 332 354 356 358 388 393 421 424 465 493 496 
24 5 54 116 153 156 183 219 228 241 242 256 262 281 329 341 355 408 437 449 455 460 461 483 486 
