100 500
24 15 61 108 134 184 190 208 218 221 234 240 258 322 350 352 354 358 367 369 384 418 443 459 477 
19 15 99 101 141 146 172 183 190 205 229 240 275 282 301 326 355 444 476 490 
27 14 29 40 54 63 72 77 128 129 146 156 170 172 194 198 200 240 260 354 386 388 393 447 449 464 473 500 
35 5 18 28 31 38 45 99 110 125 126 153 156 177 204 210 224 230 239 260 262 280 288 291 295 314 327 330 344 353 416 452 473 479 493 497 
17 5 6 19 23 27 46 131 145 161 177 242 325 415 451 458 462 468 
35 4 9 48 80 178 179 196 208 216 222 228 241 242 255 261 262 266 270 273 279 284 311 330 368 387 402 405 410 424 426 431 453 463 473 492 
22 44 60 70 92 145 149 155 158 209 229 253 268 276 287 322 329 340 365 444 450 475 483 
15 54 55 123 141 146 203 255 279 292 301 326 393 445 469 471 
28 12 14 25 52 62 74 87 182 187 191 215 218 241 250 254 260 290 294 295 311 315 363 376 377 404 425 439 463 
22 24 26 44 69 120 121 142 153 174 186 187 225 254 255 260 276 327 372 387 422 437 460 
22 19 52 74 83 115 121 146 162 171 174 177 199 201 202 206 233 275 313 340 403 412 484 
19 7 14 73 74 93 154 165 179 185 188 214 236 242 277 282 307 322 326 393 
25 46 60 90 92 103 124 137 191 199 234 263 270 277 287 332 351 367 368 371 379 427 432 440 441 445 
29 24 62 72 76 77 86 90 95 148 175 188 220 225 238 264 265 277 281 294 325 326 329 348 352 375 435 448 456 457 
18 2 9 81 133 150 184 190 197 198 219 320 336 356 363 385 395 397 429 
37 7 9 11 17 18 51 70 89 95 99 101 118 120 124 186 199 233 261 264 274 277 281 307 319 320 364 372 373 382 398 424 431 443 448 469 471 484 
28 44 66 70 80 109 113 136 159 169 177 182 187 232 268 281 291 308 321 359 393 422 423 428 447 484 487 490 500 
25 81 89 113 127 129 166 171 176 178 183 193 195 216 252 289 314 321 352 359 365 405 412 426 465 499 
30 2 11 27 42 60 81 109 133 136 138 154 162 179 225 268 270 279 296 310 331 350 360 367 372 377 412 428 442 467 496 
21 38 125 128 175 194 195 219 286 317 344 350 363 373 389 395 404 448 451 461 464 496 
19 30 41 51 59 68 118 131 156 170 265 268 307 332 360 363 427 446 460 490 
34 25 28 36 68 96 99 113 152 165 169 179 181 186 190 216 224 230 231 237 238 254 256 270 279 293 307 310 326 363 382 409 459 461 500 
27 27 29 42 48 82 92 96 103 146 147 154 186 266 271 274 300 312 334 335 362 382 391 405 410 423 433 479 
26 23 25 57 61 82 96 126 141 181 187 199 208 218 225 230 279 300 326 333 347 372 379 413 455 460 500 
27 2 16 21 39 47 52 73 85 123 148 155 174 207 228 285 290 291 313 316 323 331 352 355 436 464 468 492 
28 29 47 66 80 104 132 135 141 152 199 218 220 237 240 262 307 309 334 357 361 363 425 444 452 456 464 476 494 
39 10 18 27 46 47 52 65 66 71 136 156 157 158 168 183 196 199 208 213 223 246 290 328 358 362 366 377 382 414 420 422 437 447 448 451 465 468 484 497 
29 5 10 18 39 40 73 80 82 181 198 266 285 292 310 337 365 382 423 429 432 448 462 469 473 481 486 490 493 495 
26 42 50 70 84 96 115 152 198 210 234 249 257 297 317 336 337 346 385 395 403 409 411 430 450 472 477 
36 21 65 72 95 96 97 115 116 125 128 168 208 218 238 242 247 281 301 308 315 329 337 338 339 343 346 372 410 417 425 438 441 445 448 474 478 
26 4 26 51 125 193 217 222 249 263 265 272 279 315 325 337 349 365 393 418 420 425 444 450 472 475 485 
28 10 29 31 72 74 86 139 190 209 212 218 224 225 265 288 303 308 310 317 328 365 403 436 437 451 462 466 497 
29 26 56 77 85 92 107 112 126 156 160 162 168 194 195 211 218 229 239 242 315 340 344 349 372 375 408 415 455 496 
19 11 82 193 194 231 244 256 268 270 308 330 347 366 414 423 448 472 480 489 
28 6 28 30 49 52 63 71 75 145 162 215 227 229 290 302 309 311 318 321 363 416 425 432 444 447 458 468 477 
27 11 16 25 30 40 54 58 61 146 156 182 185 203 215 219 245 279 289 310 312 325 358 420 447 448 451 495 
12 35 70 88 98 194 211 229 258 350 412 427 471 
25 40 87 98 109 114 166 180 207 214 231 236 262 272 313 326 343 355 372 378 379 387 394 429 451 463 
27 1 5 6 18 140 146 152 195 200 219 227 261 293 295 315 336 342 358 359 387 390 398 416 448 473 474 498 
28 10 17 31 54 62 68 69 86 88 120 122 154 176 196 242 277 281 310 334 383 401 404 405 420 422 443 451 468 
19 13 27 35 46 81 114 131 207 242 251 302 325 348 350 371 419 456 475 498 
17 12 16 65 72 100 118 148 165 208 219 294 310 345 390 399 434 482 
25 18 41 47 59 62 69 70 94 177 205 220 233 260 262 275 279 317 370 372 379 406 432 433 447 448 
22 1 28 33 57 68 76 103 106 114 240 278 317 353 376 382 425 432 445 463 486 493 500 
22 10 18 25 55 60 118 135 147 148 180 195 243 265 280 324 340 374 381 439 446 473 475 
25 12 13 18 20 82 89 109 130 149 234 250 270 286 300 302 344 358 374 395 403 430 447 458 461 493 
18 9 36 41 46 70 119 259 262 263 366 382 395 400 434 439 490 491 492 
22 13 52 71 101 104 138 170 210 233 270 298 320 324 327 331 346 349 397 407 413 422 479 
25 8 10 34 51 83 103 167 184 226 233 238 242 252 284 287 302 343 370 393 398 408 421 464 466 489 
16 15 21 27 85 91 144 276 287 336 361 375 397 444 451 465 473 
22 5 12 22 61 67 114 121 140 162 170 186 222 241 293 311 327 422 425 440 441 467 492 
26 33 47 68 86 94 119 152 177 181 188 205 225 230 261 269 287 294 299 339 341 381 385 405 458 486 489 
15 52 64 81 95 159 177 229 236 245 306 397 433 437 457 485 
31 8 26 27 33 76 84 111 141 145 186 202 224 228 239 250 254 256 268 284 287 296 320 344 370 377 416 426 452 467 474 479 
34 38 42 55 58 59 66 70 73 110 117 120 131 133 140 156 168 190 244 259 295 314 319 328 333 365 378 397 398 408 423 424 449 467 479 
28 31 37 53 61 67 80 82 95 98 103 112 123 126 172 181 190 212 231 242 331 332 351 354 373 380 415 421 496 
29 1 42 46 72 81 97 99 101 126 161 186 205 230 245 252 286 293 296 307 327 332 339 359 389 394 400 425 427 484 
26 169 183 215 224 239 252 297 305 310 321 322 334 349 350 352 353 382 398 400 406 411 425 427 449 465 475 
16 51 74 119 162 163 164 170 194 226 246 280 327 332 375 446 454 
25 16 23 25 69 71 153 156 162 166 171 182 199 272 280 288 295 305 307 371 439 446 467 470 492 496 
19 48 56 78 91 93 98 107 115 212 259 302 312 345 359 425 443 444 454 473 
29 5 45 88 96 137 159 161 166 191 216 217 291 311 312 335 356 361 384 385 386 387 391 410 450 455 460 488 497 499 
32 14 24 28 30 34 35 46 62 94 99 105 124 135 145 150 167 222 250 252 259 267 310 334 354 375 393 413 434 453 462 463 483 
23 23 51 66 69 82 87 107 110 155 161 191 221 238 251 271 297 303 324 360 374 471 475 499 
31 24 30 51 86 100 130 178 220 227 233 238 240 258 283 286 289 300 312 316 325 326 333 347 367 393 406 420 443 457 483 497 
23 20 29 39 46 84 118 119 125 137 152 175 192 234 264 278 297 314 330 349 381 408 474 488 
23 29 51 70 75 90 138 183 198 233 237 242 254 283 288 301 302 318 338 342 349 395 410 477 
19 14 39 40 49 95 136 181 202 243 263 310 311 318 366 420 472 482 492 494 
29 15 16 33 37 38 52 69 71 128 161 219 245 273 307 308 314 335 337 346 353 359 366 367 410 431 466 479 486 499 
28 6 26 27 32 47 49 61 80 90 91 153 156 185 219 245 262 266 287 307 355 367 372 377 401 407 443 449 453 
24 54 70 114 128 133 140 163 169 173 232 235 301 307 315 317 343 344 372 390 402 430 440 470 487 
18 39 41 78 148 176 179 193 220 230 242 307 333 342 372 379 418 459 491 
24 16 21 42 97 117 121 168 178 182 206 208 209 246 255 264 274 277 389 397 414 454 473 486 492 
29 57 65 76 84 112 122 126 128 144 145 158 167 174 183 198 209 258 259 274 278 313 325 327 392 442 444 458 489 493 
25 10 14 20 24 25 46 53 89 140 161 185 252 260 366 373 387 396 437 458 459 465 468 486 489 497 
26 6 22 41 42 57 116 143 147 148 155 156 160 164 181 202 210 223 316 317 386 411 416 420 421 452 466 
26 3 27 61 79 108 145 166 168 183 198 200 244 299 309 328 334 335 344 357 360 403 436 462 473 474 492 
24 59 64 98 133 138 174 180 188 189 194 214 254 262 311 329 347 349 370 372 411 417 436 482 500 
31 4 9 11 25 27 82 117 125 130 139 169 196 201 209 264 277 303 310 311 340 359 393 429 435 450 458 460 466 477 479 495 
21 1 59 131 140 151 158 188 203 226 271 299 302 309 326 335 336 375 404 429 449 471 
29 8 25 34 43 45 51 102 126 138 171 207 212 216 254 258 265 276 292 299 304 307 315 371 383 384 409 437 440 496 
19 6 27 49 77 80 99 131 170 177 229 249 257 276 317 322 323 364 367 471 
32 21 22 31 47 71 94 99 110 131 141 149 173 192 201 204 234 242 245 269 280 286 313 339 363 392 401 407 415 428 446 453 473 
16 64 91 116 118 120 154 181 213 230 234 279 292 335 355 471 495 
28 26 48 91 96 102 112 116 167 234 241 246 251 256 265 271 321 335 338 360 378 383 410 418 422 423 459 479 484 
11 42 88 111 193 229 237 245 269 274 339 400 
18 5 76 103 110 115 139 171 189 190 228 252 257 337 379 384 425 451 463 
28 5 7 21 41 43 44 50 68 77 101 111 113 122 130 142 151 200 224 226 236 288 296 318 327 384 457 463 481 
25 2 58 67 78 93 145 183 196 201 210 261 294 304 326 343 345 361 362 369 387 398 431 435 450 474 
18 61 79 88 103 108 139 150 230 309 317 325 351 363 368 380 445 457 468 
26 46 61 72 87 89 100 103 159 169 208 222 226 248 264 272 298 308 309 324 325 353 391 427 433 467 487 
23 9 17 51 78 80 122 139 165 212 218 229 244 254 255 274 319 321 334 346 361 403 447 487 
23 9 29 69 73 94 96 132 147 182 195 221 265 290 320 374 379 398 435 442 475 488 497 499 
14 25 44 71 112 149 228 320 321 343 372 401 412 450 457 
25 7 21 32 50 76 82 123 134 152 156 163 182 184 187 204 250 254 298 302 369 444 446 479 480 487 
21 31 36 58 63 74 91 94 124 184 217 241 258 279 281 319 354 368 373 432 448 471 
31 14 15 35 46 61 100 115 132 134 160 202 203 205 211 246 274 277 284 290 294 302 305 342 349 366 368 376 468 470 489 497 
29 23 64 68 82 127 135 156 167 173 174 209 239 242 250 261 262 269 279 287 333 342 358 388 402 419 426 462 479 495 
23 25 28 81 83 93 133 145 177 178 201 205 227 234 239 269 283 337 353 359 443 445 462 470 
27 13 26 64 68 74 89 109 126 153 155 163 176 192 224 225 251 263 277 294 326 336 384 414 431 434 482 490 
