100 500
24 2 12 17 27 91 110 118 131 138 183 192 209 233 274 276 279 281 336 338 395 414 472 486 498 
30 44 51 95 103 113 129 155 180 190 201 258 274 303 304 307 313 323 327 333 362 369 398 403 405 428 435 466 474 485 499 
26 6 20 21 55 60 64 136 143 153 178 189 221 235 274 275 287 332 369 377 397 400 401 409 417 423 457 
35 20 22 26 43 52 59 80 83 107 113 131 142 154 156 166 224 227 240 250 251 263 299 308 329 348 367 382 404 417 434 443 455 466 483 496 
20 35 68 161 163 214 245 268 271 286 290 303 304 345 359 364 380 466 482 483 490 
29 2 10 55 57 63 65 66 78 84 118 122 126 146 149 193 204 290 295 317 327 330 351 367 368 385 405 444 481 497 
34 4 19 27 46 65 68 80 82 92 101 111 118 137 150 178 188 229 241 310 336 375 377 386 387 388 391 392 396 431 444 449 453 475 499 
29 1 17 19 32 37 62 142 152 172 179 202 210 218 262 282 293 308 345 364 389 407 429 432 448 456 458 464 475 487 
21 24 35 57 70 122 143 217 232 264 266 288 319 339 341 353 357 375 451 477 488 492 
21 12 13 34 64 76 97 105 148 173 181 225 290 299 339 343 385 408 415 417 454 490 
26 6 17 28 50 54 71 103 112 122 135 175 227 242 243 249 265 296 304 317 332 363 384 438 440 451 474 
28 4 10 67 134 140 147 151 154 175 180 194 202 222 243 258 267 274 336 344 351 356 366 387 398 462 466 477 495 
32 14 27 36 56 59 71 77 80 104 114 119 121 160 165 192 200 253 286 305 325 351 352 366 371 380 386 388 410 415 419 426 458 
19 15 21 32 47 56 61 88 112 144 168 244 255 288 432 440 445 470 480 490 
30 2 36 55 61 69 72 74 139 186 199 220 221 246 247 254 264 269 332 358 363 372 398 415 417 426 429 452 454 457 466 
23 9 25 30 52 65 131 148 150 156 162 194 210 258 267 288 290 297 349 390 398 428 465 495 
20 22 29 33 54 58 67 151 189 214 252 254 263 339 348 349 392 404 429 435 485 
27 29 34 36 56 65 69 72 74 85 107 122 142 161 211 237 261 267 281 286 308 342 365 370 373 374 404 499 
27 40 45 47 113 124 155 169 178 187 195 250 268 270 298 301 308 317 318 360 365 374 377 380 391 397 429 486 
22 6 21 79 91 254 265 272 282 285 291 344 357 367 368 370 395 443 444 455 459 476 500 
32 9 12 26 30 36 37 40 43 69 156 161 166 197 219 221 248 279 282 302 311 314 316 334 339 341 423 457 459 485 487 488 492 
23 10 28 49 55 56 59 72 82 135 173 205 213 214 265 275 304 315 350 355 396 413 466 498 
27 12 63 74 97 102 111 115 155 197 199 200 238 254 288 305 325 327 338 363 382 416 427 435 443 451 455 458 
32 7 25 42 48 52 92 116 118 186 194 209 235 246 253 272 278 281 284 285 296 301 340 351 421 428 429 453 458 475 493 495 497 
25 21 24 87 96 132 147 172 198 206 242 252 264 283 290 318 323 406 411 431 434 437 445 459 488 490 
27 7 11 26 35 62 78 163 168 203 226 238 240 241 247 260 277 279 304 312 326 328 360 372 388 428 446 449 
20 12 20 60 95 132 140 209 223 246 279 289 303 314 341 346 357 425 430 437 470 
23 5 28 29 33 56 59 65 69 176 187 198 232 257 270 326 340 374 379 402 446 462 496 498 
28 1 30 52 66 103 110 131 134 143 144 148 168 216 245 249 262 273 305 327 333 336 340 350 367 399 417 462 466 
19 7 36 56 84 125 130 168 170 177 185 225 246 259 282 292 369 474 475 497 
26 61 69 70 89 110 159 199 200 208 221 225 242 253 256 266 271 325 342 352 354 358 368 393 406 446 464 
24 14 15 16 42 57 62 92 112 115 137 148 184 192 211 216 254 256 260 264 283 366 376 386 473 
28 17 42 43 53 115 119 142 198 202 249 257 266 268 269 320 322 356 361 405 406 407 413 423 437 464 466 479 491 
32 5 14 29 39 52 57 62 96 98 128 141 150 164 179 200 238 252 254 278 279 289 304 315 316 325 330 348 415 427 439 452 463 
28 4 77 79 99 136 178 194 203 207 208 213 218 223 238 256 275 294 340 345 348 367 377 412 414 440 443 461 488 
20 9 15 33 60 69 80 127 134 149 174 190 207 256 300 316 411 430 432 477 488 
15 54 58 92 99 110 127 130 146 331 347 365 377 412 426 485 
23 6 12 21 49 75 122 174 182 218 233 241 244 286 298 302 349 372 387 425 432 451 469 487 
24 35 56 67 94 117 128 147 150 152 195 201 215 233 271 291 299 305 357 380 441 456 457 475 484 
22 7 40 59 96 118 178 217 219 261 303 343 365 375 391 395 419 422 424 447 460 489 492 
19 15 48 68 75 99 123 178 192 209 231 272 277 304 343 399 404 429 479 487 
30 15 18 32 40 44 48 62 89 93 115 134 140 200 212 247 263 289 299 314 333 352 385 393 408 421 434 467 491 495 498 
32 20 38 42 48 78 82 93 116 160 175 178 190 202 240 276 286 291 319 328 347 358 371 374 398 421 430 453 460 463 472 477 500 
29 47 52 54 58 66 87 110 112 114 140 142 143 145 175 207 265 266 272 280 288 343 357 368 381 415 422 435 453 500 
24 12 14 36 37 46 55 92 98 133 194 234 256 271 280 330 351 369 373 374 376 390 424 455 459 
17 25 29 41 44 124 143 214 243 253 292 304 386 406 428 479 480 489 
23 77 79 133 135 158 163 175 186 191 267 282 285 293 294 300 323 348 371 383 395 429 480 496 
32 17 21 30 36 46 52 74 106 110 111 127 161 176 201 211 212 224 225 247 252 255 272 277 279 286 320 388 399 418 487 490 500 
22 9 10 30 39 64 65 81 92 95 151 172 203 226 232 299 321 338 369 395 406 427 469 
32 3 37 40 57 80 117 118 171 231 235 245 261 262 269 271 292 305 322 331 335 348 351 359 362 412 435 454 471 472 479 487 492 
27 59 91 95 98 106 113 115 121 177 230 231 240 253 275 296 317 323 327 352 355 357 358 430 453 481 484 499 
26 3 9 12 17 21 24 41 51 69 71 113 148 155 182 230 264 275 345 361 368 387 425 427 469 485 498 
26 11 27 34 48 72 84 87 106 128 165 191 193 196 210 240 260 270 291 295 314 350 403 408 414 421 480 
39 7 30 36 56 60 61 66 73 74 80 126 137 142 155 172 176 178 203 225 226 236 241 248 260 262 266 279 303 311 312 332 347 412 425 433 451 470 483 496 
25 2 33 39 89 102 111 112 131 173 184 190 206 223 239 244 298 323 359 386 422 431 437 447 468 494 
20 3 14 28 33 47 108 143 170 220 238 283 297 316 385 408 454 467 477 491 493 
27 3 9 20 72 85 114 118 158 160 186 189 203 214 229 249 257 278 356 362 368 374 376 412 424 445 480 492 
20 12 19 55 82 91 109 117 123 138 166 169 173 221 247 256 292 371 411 451 485 
25 4 61 75 97 98 124 140 152 167 180 187 190 195 200 215 218 219 221 271 281 283 287 301 374 381 
31 20 27 41 52 68 86 89 95 100 112 153 175 179 180 192 193 202 210 218 227 273 288 309 312 324 330 342 446 468 480 486 
27 2 10 35 90 149 155 170 198 201 209 215 217 236 253 255 285 294 301 344 350 357 362 378 381 384 397 445 
24 12 14 21 24 38 53 105 121 139 143 157 174 185 188 189 194 227 228 261 282 298 342 348 469 
31 22 31 40 57 96 108 109 123 128 135 147 163 166 167 202 211 228 245 252 254 290 331 364 383 391 410 421 429 484 497 498 
24 88 94 96 123 129 181 183 202 207 209 221 256 301 303 330 373 383 393 409 410 414 443 458 475 
26 9 75 76 97 99 144 145 162 200 221 262 276 291 296 330 337 373 383 396 402 408 440 478 480 488 492 
21 32 81 84 121 166 177 221 239 241 257 261 280 309 332 339 417 422 429 432 434 497 
23 33 64 68 112 154 196 208 225 306 308 312 313 319 322 333 345 347 350 362 394 406 424 440 
22 6 9 27 70 74 80 93 177 187 203 219 225 226 255 260 286 366 436 439 445 451 472 
31 18 47 124 131 140 152 153 155 177 178 193 218 225 231 296 305 321 330 337 359 375 390 397 406 424 427 448 453 455 458 463 
25 10 26 55 66 78 82 128 153 155 162 176 178 212 231 241 252 256 311 335 355 357 417 439 469 484 
18 39 40 81 91 103 109 112 161 199 245 250 275 296 369 401 454 466 474 
23 20 40 118 119 128 194 200 221 250 279 283 321 323 368 370 382 391 392 434 435 474 488 495 
24 83 89 102 121 125 173 179 184 216 221 276 291 292 321 336 345 347 415 426 432 448 464 479 500 
21 27 120 141 145 150 177 182 222 232 239 240 286 315 319 340 377 399 420 453 467 471 
22 1 12 50 112 142 199 246 249 261 266 286 299 302 387 401 424 438 453 466 469 472 476 
27 2 15 41 42 91 95 130 131 136 206 224 240 270 282 318 326 330 333 389 403 413 415 434 443 446 476 492 
30 39 46 54 61 86 111 149 165 174 212 213 217 219 237 262 273 278 284 292 304 313 320 334 350 411 427 433 483 492 500 
29 22 57 76 122 124 144 177 191 200 238 256 273 284 286 287 327 334 338 351 360 382 399 407 410 413 414 434 471 487 
27 5 63 75 94 112 143 159 161 170 214 223 230 231 252 260 271 303 304 305 332 335 346 365 373 465 487 491 
23 7 13 24 43 52 55 107 149 154 217 220 246 286 320 343 369 386 392 393 402 428 438 462 
19 28 35 58 189 233 277 283 290 291 298 309 338 377 383 390 403 439 489 500 
37 4 49 63 75 77 82 97 103 106 116 144 147 152 182 186 190 192 193 194 203 204 235 280 322 330 342 351 381 387 410 412 419 425 438 468 475 490 
37 23 31 37 53 67 69 71 93 103 106 118 129 139 160 182 203 237 245 249 267 270 335 340 346 353 355 374 377 381 384 398 400 409 412 420 421 500 
23 22 34 38 49 61 80 84 92 109 134 162 165 181 195 200 210 217 239 271 315 403 472 492 
23 7 14 28 88 114 147 167 231 241 250 252 265 284 303 338 346 351 353 355 389 422 438 490 
24 19 37 49 77 78 80 84 103 104 216 246 261 267 268 276 351 352 358 368 373 378 398 472 498 
21 4 18 28 33 83 90 107 135 170 172 176 212 239 276 287 356 393 431 443 480 489 
26 15 20 24 50 63 72 83 112 121 159 187 190 200 202 203 227 242 274 286 324 330 351 367 384 394 423 
17 37 96 98 135 220 221 249 266 294 316 351 375 383 396 399 400 423 
30 4 36 59 110 117 139 144 152 162 191 204 215 227 228 273 280 282 286 288 322 332 334 336 350 353 355 425 471 489 496 
32 3 5 21 67 69 75 81 104 117 159 185 233 242 264 265 278 287 307 325 340 367 387 397 401 402 404 415 432 435 441 454 455 
22 6 59 60 99 105 132 133 136 154 199 217 241 287 300 301 320 329 332 343 355 398 415 
21 13 105 140 183 192 219 229 233 246 291 313 318 319 332 377 391 413 419 447 454 486 
27 2 21 23 44 62 94 107 156 168 177 178 220 248 251 264 270 284 313 323 381 387 389 400 407 451 470 495 
22 4 20 25 28 36 45 50 116 129 155 187 191 217 234 276 309 314 348 393 394 426 442 
27 8 66 79 81 90 150 164 168 191 261 280 295 314 321 327 347 360 370 430 433 442 460 462 476 478 483 484 
21 73 82 90 127 157 158 166 213 225 233 316 326 340 350 378 400 442 459 466 480 498 
23 23 48 68 84 130 139 160 162 197 218 261 281 282 302 352 356 361 370 413 419 470 482 489 
33 4 46 53 74 77 78 92 94 119 143 149 159 161 164 188 216 219 273 277 292 293 321 324 377 395 410 419 444 448 454 470 492 496 
19 86 106 156 204 213 223 250 252 256 314 348 398 421 442 444 450 480 494 498 
