100 500
55 10 24 32 47 59 63 64 78 92 99 104 112 113 117 126 130 151 168 169 188 193 194 206 211 218 237 248 263 272 298 299 314 317 333 337 339 343 356 360 379 389 397 398 399 408 411 443 450 455 456 465 466 470 475 476 
56 4 7 8 17 68 80 84 92 101 105 109 116 118 122 149 151 156 157 158 161 165 184 185 190 199 200 208 222 231 240 242 244 245 246 261 264 268 271 285 291 298 327 336 362 363 367 376 381 384 386 421 440 441 444 455 456 
46 11 32 52 80 83 94 114 130 149 164 175 189 190 210 212 217 220 233 258 265 266 278 312 319 332 349 350 356 360 363 384 386 387 394 398 407 408 424 436 443 462 464 466 481 490 493 
61 4 13 26 27 37 55 56 62 74 91 106 107 108 110 111 112 124 134 140 141 145 152 155 170 174 196 198 201 212 228 236 249 263 266 268 284 317 321 329 335 362 372 373 378 385 397 404 412 422 427 428 429 432 435 450 458 462 469 474 484 496 
56 11 27 28 41 66 78 92 94 97 119 129 134 138 143 146 148 155 166 184 199 200 206 207 234 237 274 294 298 307 309 313 320 321 327 354 357 360 362 368 377 381 385 388 398 418 428 430 432 434 438 445 476 482 484 488 500 
53 9 43 51 55 59 63 79 82 83 97 98 112 117 122 132 141 160 163 164 165 176 177 182 184 194 200 226 228 231 236 237 238 276 283 292 313 321 324 343 346 368 379 386 393 395 411 416 447 448 470 482 492 498 
51 1 7 12 22 26 61 62 68 75 77 92 97 106 109 139 143 155 164 191 193 201 202 213 226 228 231 240 247 260 268 271 279 286 290 292 298 315 325 339 362 384 392 401 410 411 445 446 449 453 473 489 
44 4 14 39 50 75 80 103 110 124 138 141 146 153 161 168 173 229 247 266 267 286 302 304 314 315 316 322 330 333 341 351 355 357 366 394 402 415 416 426 442 449 475 486 493 
46 3 16 20 30 43 49 65 76 78 103 113 124 125 130 134 144 156 174 178 199 207 228 237 239 253 279 294 296 301 310 312 316 321 358 384 413 422 430 434 446 462 464 475 482 486 496 
50 1 3 6 9 36 48 51 52 53 65 74 97 123 147 151 154 160 173 183 204 230 248 249 261 264 270 278 296 300 309 320 325 345 346 359 369 374 377 399 412 419 425 437 443 465 467 471 476 484 494 
58 18 20 43 44 45 52 56 62 78 80 83 85 86 95 97 102 108 111 140 142 155 163 168 171 174 193 198 219 228 230 241 245 252 264 273 278 291 298 313 319 321 322 332 366 368 378 379 408 427 455 458 463 464 465 478 483 486 499 
57 3 9 15 20 29 38 47 52 76 78 89 90 102 103 106 107 108 116 117 120 133 147 173 195 199 200 208 212 217 221 228 231 233 267 283 285 287 291 301 335 349 354 357 375 391 393 398 403 408 442 451 456 477 483 484 490 496 
47 11 12 14 17 30 34 66 101 106 119 129 134 137 141 143 163 164 167 185 194 203 205 223 238 245 248 264 268 285 291 300 310 327 329 341 352 373 380 392 405 413 420 423 430 437 442 443 
57 10 23 30 36 38 53 63 78 93 97 99 121 126 136 140 161 162 169 187 192 193 198 203 216 220 223 228 241 242 250 263 273 281 286 317 321 324 326 332 356 360 371 399 408 409 410 437 438 441 449 471 476 488 490 491 498 500 
53 8 23 24 29 35 37 53 59 67 78 89 91 110 116 130 148 149 160 168 171 181 197 199 202 211 217 234 236 261 273 280 316 322 366 375 377 398 399 403 406 413 428 433 435 436 439 447 449 454 461 466 479 499 
42 25 52 77 79 88 105 108 114 130 143 159 165 172 183 190 215 222 238 248 253 267 274 283 285 286 297 319 328 336 344 374 396 399 400 409 433 440 444 449 470 473 496 
41 34 40 51 59 83 103 105 118 123 138 152 159 163 179 184 186 192 197 198 203 213 222 238 250 278 286 288 299 305 307 316 326 331 340 383 407 422 433 441 454 470 
40 14 41 56 72 76 87 91 113 114 159 180 202 214 218 219 223 244 245 257 267 285 294 312 332 334 359 381 386 388 390 392 405 406 412 448 452 485 489 494 500 
53 4 23 24 26 40 51 52 67 85 89 93 101 110 113 123 138 141 155 158 167 182 191 192 225 231 237 238 241 244 253 255 278 290 313 317 323 328 343 357 392 394 400 404 427 434 441 453 454 458 473 474 476 494 
49 8 17 22 25 35 58 60 64 73 83 99 119 138 140 156 157 158 168 169 182 183 184 202 212 214 219 240 254 256 280 288 291 312 333 341 359 371 387 406 412 421 425 454 456 467 488 493 494 495 
51 1 13 14 39 66 72 76 88 92 97 108 129 152 155 178 225 239 268 269 274 310 311 316 327 333 334 344 347 349 354 362 365 370 377 380 391 394 399 404 412 417 430 437 453 464 465 470 474 484 498 499 
42 1 7 8 31 36 47 58 81 97 105 111 137 145 152 158 171 176 214 225 242 259 264 267 271 290 300 308 316 330 336 338 349 398 401 414 445 452 460 461 475 481 497 
56 2 3 17 22 34 62 66 70 71 86 115 116 133 137 138 146 150 159 170 179 215 235 255 257 275 277 295 316 327 328 344 346 347 351 355 358 381 383 388 400 409 412 417 421 422 424 435 438 439 447 454 455 462 468 488 493 
44 2 32 43 51 55 77 78 94 110 127 134 143 149 151 153 157 168 192 194 206 212 250 258 267 271 300 307 308 314 318 333 349 359 361 369 386 393 395 399 403 446 480 489 494 
59 2 4 6 7 12 23 28 29 39 41 46 51 53 54 62 74 75 85 96 117 125 130 147 155 206 214 219 238 244 248 258 260 267 281 288 291 304 306 315 333 338 343 346 347 355 365 376 390 396 398 404 412 419 434 442 463 492 497 498 
60 2 7 13 21 32 61 72 77 85 98 113 125 131 153 158 163 173 181 184 185 190 206 212 217 233 247 258 260 262 270 308 310 312 317 324 330 332 340 343 378 389 398 400 407 416 417 418 420 421 427 435 436 438 441 463 466 470 479 485 489 
55 3 6 17 20 24 28 35 44 46 51 52 59 80 99 106 107 109 120 134 137 162 180 185 193 197 204 213 216 220 239 249 250 254 272 274 279 283 306 309 313 332 357 371 379 385 392 395 405 408 421 432 438 455 462 482 
49 1 41 43 48 51 62 70 73 81 89 99 106 110 112 129 133 156 161 184 190 204 212 220 222 245 247 253 255 274 282 297 298 343 344 362 367 389 392 408 409 426 429 430 435 436 439 452 477 488 
49 16 18 19 36 46 49 57 68 81 103 118 123 132 136 146 148 150 161 195 201 205 229 232 250 282 287 298 299 302 313 316 324 328 338 347 358 370 379 395 404 425 431 437 442 455 481 482 488 496 
46 15 21 26 34 41 44 51 55 69 80 101 107 120 130 136 144 154 184 194 203 208 213 222 230 251 272 276 278 316 347 365 367 375 378 381 383 409 412 417 429 454 461 466 472 475 486 
56 14 16 17 28 30 32 34 58 77 81 84 106 129 131 135 157 160 185 187 211 233 244 245 247 249 252 261 264 267 282 284 294 298 301 311 330 336 338 352 360 384 386 404 409 413 422 428 441 444 451 456 459 463 467 489 495 
39 3 4 30 37 49 55 62 63 89 111 128 134 143 149 168 176 178 214 216 224 235 277 288 322 325 326 345 346 352 359 396 406 437 438 445 467 474 475 494 
62 8 15 16 30 31 34 37 38 48 73 90 92 101 107 108 115 120 122 137 143 145 146 161 184 188 189 192 194 200 210 214 215 228 231 242 245 252 257 260 321 332 342 354 379 399 408 414 415 425 431 432 440 442 444 449 450 460 463 482 484 486 493 
47 1 21 23 42 50 72 87 98 109 152 154 171 216 240 246 250 252 262 269 280 283 286 299 304 310 317 321 331 356 365 368 376 380 396 399 403 409 421 424 427 432 444 445 451 458 466 471 
48 2 14 23 30 34 45 50 54 90 104 109 122 123 160 164 168 174 181 183 231 235 242 251 260 269 280 281 290 297 302 304 327 346 351 364 366 371 373 379 387 405 414 428 438 465 469 470 499 
41 3 4 7 23 45 85 87 89 96 103 107 119 133 137 139 141 151 157 166 224 276 300 308 347 353 354 358 377 387 398 404 411 416 421 428 436 448 457 471 489 492 
43 1 2 7 34 42 49 81 85 92 94 103 105 118 127 159 166 174 178 185 200 218 229 234 269 286 335 341 342 364 365 381 390 409 410 411 419 428 445 465 471 487 491 494 
43 2 20 24 37 39 41 50 52 55 84 102 104 116 121 124 141 171 177 181 194 203 210 251 256 265 273 291 311 327 347 356 400 434 435 440 447 461 476 487 492 493 494 498 
49 1 10 29 32 82 92 93 111 119 135 143 168 170 177 202 212 221 222 225 229 247 249 252 255 267 269 274 289 293 306 311 317 320 329 335 336 347 353 355 361 371 373 391 396 398 410 414 422 449 
44 10 16 39 44 49 58 69 87 112 135 136 157 159 165 184 192 196 202 204 206 209 211 247 252 256 276 285 298 309 317 322 336 360 370 378 379 396 398 406 409 415 429 435 461 
43 14 30 69 96 130 143 145 164 166 169 173 176 178 191 202 203 207 227 261 267 281 284 286 294 306 307 332 338 342 374 379 390 416 424 441 442 449 454 459 464 480 488 499 
46 22 27 44 51 82 83 85 92 94 103 106 112 120 154 157 158 165 167 183 203 204 215 223 234 267 268 277 285 293 307 315 348 349 352 384 389 395 408 412 417 420 424 432 437 464 480 
56 3 7 8 9 11 26 28 29 45 52 72 84 97 99 107 109 111 113 120 143 152 159 161 166 175 187 190 204 206 218 230 233 235 241 248 258 259 269 271 277 299 303 306 344 351 361 373 385 409 415 442 451 463 470 474 496 
50 3 8 26 44 65 66 85 94 97 99 102 112 114 126 157 173 174 176 178 190 195 196 201 223 228 229 230 232 259 268 311 321 326 335 345 354 368 370 390 403 414 417 432 447 460 463 466 468 480 493 
56 8 26 33 42 55 81 86 95 105 108 109 110 115 119 121 125 127 129 130 142 147 164 168 180 183 210 229 244 250 261 269 293 295 297 325 328 346 350 353 356 360 366 376 396 414 427 437 450 456 463 470 471 488 492 493 500 
41 4 8 15 17 18 27 40 48 55 58 90 104 109 115 164 166 194 195 197 204 211 215 263 302 309 315 323 329 331 358 379 387 413 419 424 430 431 442 449 473 478 
54 8 18 31 36 59 62 64 88 99 120 124 130 144 156 166 189 209 217 220 228 231 232 245 247 248 257 270 273 276 290 300 313 323 325 337 342 343 372 382 393 402 415 421 424 442 443 445 473 474 476 481 483 489 492 
66 10 11 26 30 48 72 80 82 84 88 90 99 120 122 139 147 148 156 158 162 163 167 168 175 178 191 194 205 207 217 240 242 249 258 261 270 273 275 282 288 297 309 313 317 324 340 351 361 376 380 387 396 420 424 426 427 428 429 440 443 444 445 450 463 498 499 
52 3 10 11 17 22 23 44 56 61 64 67 76 130 144 146 150 180 184 211 223 225 229 263 268 275 277 282 287 289 291 294 301 313 332 350 364 369 371 377 394 427 438 440 446 447 448 455 462 467 477 494 496 
52 18 20 26 38 56 73 76 85 99 100 116 122 124 134 139 150 153 172 174 183 196 201 207 210 215 216 227 228 243 245 246 264 284 292 293 295 301 305 317 326 339 356 358 359 360 366 381 428 433 448 458 496 
48 14 55 69 70 77 80 90 93 97 100 102 109 132 134 147 148 162 165 167 169 192 194 213 217 253 262 264 269 270 273 277 320 324 333 346 354 361 362 367 370 403 411 416 421 431 434 479 486 
48 3 19 28 37 48 59 78 80 81 98 108 118 122 150 153 154 158 169 197 198 206 220 222 224 234 235 236 241 248 254 271 274 275 330 350 362 376 383 389 399 408 416 417 454 465 468 475 494 
39 1 17 24 46 50 52 55 94 108 137 152 156 195 196 223 240 246 250 265 266 272 287 296 338 341 342 376 390 432 435 438 446 453 457 471 472 484 489 498 
49 5 16 17 21 24 38 59 107 109 112 113 124 125 131 137 147 149 160 165 177 180 184 195 207 224 230 245 252 255 265 291 317 318 325 342 367 376 378 393 395 404 405 455 465 473 489 492 493 494 
40 12 46 53 97 109 117 120 136 141 156 164 167 175 197 215 221 223 224 227 245 273 276 280 318 332 333 349 350 351 356 365 391 405 410 429 444 471 473 485 496 
48 2 27 30 33 94 102 147 154 163 168 177 183 196 199 201 209 215 218 240 251 258 260 290 316 317 318 321 325 326 350 366 368 375 376 382 394 412 421 427 428 432 442 460 462 463 467 487 500 
41 8 14 21 25 35 48 52 70 110 112 114 135 140 143 146 147 158 161 176 186 189 196 207 221 237 244 277 315 320 324 330 342 347 374 392 398 406 445 460 462 477 
60 6 8 10 19 25 28 32 35 40 57 63 64 66 89 96 98 108 111 122 142 147 164 178 180 184 208 223 235 245 246 247 251 260 264 270 306 313 315 322 324 325 326 327 329 332 357 360 363 369 374 380 427 431 450 456 458 464 474 479 487 
58 15 18 20 28 32 34 36 41 55 66 88 102 124 129 133 140 148 151 158 161 163 171 174 179 181 182 190 197 208 212 232 254 265 270 273 280 282 293 296 298 316 319 335 359 361 362 364 372 384 385 390 408 410 431 432 437 456 472 
52 8 20 22 33 40 56 60 61 64 82 83 84 86 87 88 91 94 102 121 128 131 133 144 146 166 181 197 201 203 212 246 265 267 274 277 278 313 316 320 324 352 373 397 402 409 414 418 419 451 464 484 487 
41 8 12 34 45 64 65 94 95 100 106 107 114 116 130 159 160 175 202 204 227 237 240 245 251 262 289 318 325 340 345 347 373 376 414 418 429 436 439 449 471 487 
53 25 43 52 67 72 82 94 101 106 117 134 137 143 145 148 149 154 161 171 214 216 236 252 273 286 292 299 300 315 329 335 342 354 364 365 366 367 369 389 391 392 397 400 404 420 434 447 475 476 484 487 495 496 
44 21 56 61 87 95 96 97 110 126 138 139 141 152 161 168 185 209 215 221 248 254 263 268 269 276 279 292 303 308 315 323 329 337 398 406 411 415 433 441 449 451 467 469 472 
38 10 28 32 66 68 108 110 122 126 136 168 173 189 191 194 199 207 258 266 271 273 278 280 281 305 309 312 346 380 385 392 396 405 426 444 452 466 491 
47 12 24 25 34 48 59 84 90 105 106 114 128 139 146 148 183 194 198 207 234 248 256 265 271 273 274 289 298 299 303 315 319 337 344 353 378 398 438 440 450 460 474 479 488 491 498 499 
51 3 14 15 20 25 41 44 48 71 79 81 95 97 106 120 129 139 147 149 162 168 169 174 179 190 197 200 202 205 242 246 250 259 264 272 276 280 292 319 331 349 358 365 374 384 412 446 456 457 462 463 
50 13 25 28 29 35 67 75 87 100 102 115 123 132 137 140 150 161 174 186 194 200 217 232 246 275 285 296 301 305 308 317 319 337 345 346 348 356 369 370 380 402 422 438 440 451 468 481 484 490 498 
55 4 23 37 44 49 56 58 66 85 86 91 92 108 113 114 116 117 135 158 174 188 198 199 208 216 219 234 241 246 255 256 257 260 264 266 301 322 331 346 351 352 369 371 384 388 393 400 402 416 423 440 448 487 489 493 
48 11 17 20 24 46 50 57 103 141 157 162 166 191 202 205 212 223 225 230 243 255 268 269 274 283 291 298 316 317 318 330 351 362 375 379 382 392 393 416 420 423 429 453 467 486 488 489 498 
43 7 8 22 34 69 84 91 98 101 106 117 123 160 171 180 192 201 213 215 253 254 256 268 272 303 311 316 328 329 331 334 362 364 365 402 429 445 458 470 472 488 497 498 
48 7 11 23 27 37 45 63 64 65 70 72 101 102 118 134 147 152 164 169 178 187 193 201 205 213 215 218 222 240 241 255 268 271 277 305 339 341 347 368 373 374 389 401 403 417 456 466 490 
43 2 8 10 36 39 64 65 67 85 92 93 95 114 130 136 153 154 166 175 196 198 251 252 258 276 285 303 316 318 327 330 341 370 384 396 405 416 441 464 471 475 485 492 
52 3 9 11 21 32 36 46 67 74 89 105 107 113 132 141 144 148 154 178 203 211 213 224 229 244 251 256 263 265 285 308 312 324 327 331 341 348 357 361 372 379 386 390 402 416 438 461 463 465 472 493 496 
54 5 9 17 19 45 47 48 50 62 69 74 76 80 96 98 99 111 128 156 159 162 168 182 201 204 212 217 223 225 236 245 250 259 277 282 298 300 304 310 332 342 366 367 371 387 398 413 414 435 438 440 447 468 471 
47 13 14 20 26 32 33 37 47 65 88 89 112 126 128 129 142 156 161 163 170 172 194 201 226 229 232 234 242 250 254 257 293 307 333 341 344 374 375 402 404 414 429 464 476 479 481 488 
41 3 9 12 50 69 74 76 109 121 123 156 160 161 187 198 214 220 242 247 259 277 278 285 304 309 315 317 325 343 346 349 351 388 400 430 440 466 472 480 481 482 
54 6 8 27 56 60 83 84 102 105 109 112 116 130 139 156 202 208 213 219 241 244 251 254 262 276 278 280 288 313 323 336 344 351 354 356 365 367 371 376 384 386 387 420 425 444 461 472 475 482 483 489 492 497 498 
47 2 48 50 55 74 104 110 125 129 136 142 148 158 170 173 175 208 214 231 236 244 254 256 266 278 288 298 324 325 326 329 332 346 359 361 377 378 389 392 400 416 422 444 469 474 476 481 
52 6 8 24 39 65 74 75 83 110 121 125 130 142 160 184 196 204 214 216 241 244 247 256 264 265 266 287 290 291 292 300 302 311 320 323 328 331 335 347 373 402 421 427 446 448 453 462 472 481 486 491 496 
46 4 8 9 60 91 92 100 103 109 115 125 126 161 170 185 207 220 224 226 244 248 256 260 269 283 292 310 318 326 348 363 385 394 402 404 408 414 424 428 438 448 458 461 463 464 474 
51 15 19 25 34 39 42 55 64 71 81 94 101 117 123 139 143 145 150 168 173 175 176 180 182 184 185 189 195 196 199 244 268 271 279 287 294 296 309 320 325 360 377 388 391 403 417 418 423 446 449 492 
53 8 16 34 37 44 47 51 74 89 98 106 109 116 129 138 167 179 207 208 210 216 218 222 234 248 250 266 280 288 308 311 322 327 329 345 354 355 358 359 369 392 404 427 438 439 442 459 464 465 472 479 491 498 
54 4 12 13 15 19 20 36 54 61 71 82 83 85 89 92 94 99 111 113 124 129 148 158 170 177 183 198 202 203 209 219 235 236 257 265 293 297 316 324 334 336 350 360 378 397 401 407 414 422 436 447 463 485 492 
45 3 52 59 78 104 114 130 141 154 164 170 174 175 181 184 214 228 234 241 252 253 269 275 279 282 289 303 307 311 328 331 345 348 350 351 357 394 395 397 423 430 461 472 480 484 
50 4 12 15 47 66 76 99 101 109 115 116 132 167 173 177 210 212 225 227 232 241 242 247 252 282 291 314 340 343 362 375 378 384 398 403 406 410 414 421 422 426 428 429 446 450 453 464 482 496 499 
46 5 12 18 19 72 80 106 111 119 121 147 150 154 163 168 179 185 189 191 202 263 275 280 297 303 306 315 329 347 348 349 352 368 392 409 412 418 420 423 433 456 460 467 482 494 497 
51 5 17 19 32 36 41 43 56 59 69 72 75 93 122 138 150 169 184 188 190 208 209 231 233 242 244 255 259 277 282 310 311 313 320 331 339 357 366 387 403 404 432 436 438 442 446 448 452 458 490 496 
53 13 20 22 24 29 30 36 61 62 63 68 75 80 93 117 119 141 146 148 149 150 156 160 173 176 179 193 199 208 216 229 240 269 273 282 283 290 297 300 346 351 378 394 404 410 428 430 434 452 456 460 472 490 
49 38 40 44 62 66 78 86 87 106 108 115 116 118 120 126 129 133 167 181 185 190 226 233 248 255 259 263 275 280 315 317 319 328 332 344 353 354 362 376 379 398 417 420 457 477 482 483 493 500 
53 11 14 22 28 31 36 44 50 60 64 65 79 88 91 98 125 137 147 158 165 168 177 181 189 190 194 231 236 242 243 244 252 269 271 274 275 292 294 308 335 337 341 344 350 361 400 434 438 450 467 482 486 493 
50 8 14 17 25 36 39 45 48 50 54 57 64 66 68 85 88 124 129 133 137 138 145 146 151 168 172 194 200 222 259 272 280 283 298 299 320 331 334 339 346 372 377 378 379 383 403 435 452 467 496 
52 6 11 14 25 43 48 64 74 76 79 80 84 111 113 127 135 137 157 163 173 182 187 189 194 195 196 215 218 223 226 238 261 270 282 289 307 324 330 342 351 353 356 364 400 404 413 429 442 455 479 488 493 
59 9 11 15 16 30 35 38 39 41 42 60 63 66 85 87 103 113 114 118 135 150 156 171 178 181 196 203 215 223 249 260 279 288 291 316 319 324 327 329 346 359 364 382 391 403 412 420 421 434 439 444 456 463 478 480 484 487 495 499 
58 21 47 48 57 61 79 94 100 113 121 127 131 133 149 152 160 171 181 182 195 196 208 218 222 235 236 239 247 248 251 292 306 328 338 342 346 357 366 371 381 383 385 388 393 394 398 414 415 426 432 438 443 446 452 473 489 495 499 
52 1 4 10 11 17 20 27 30 43 44 51 52 53 56 62 100 104 112 152 155 157 183 186 199 208 211 214 215 260 266 268 272 275 283 284 305 332 337 350 354 361 362 373 380 383 384 430 450 452 458 459 482 
45 35 42 49 52 62 68 92 102 107 134 149 158 163 170 178 199 221 227 232 234 249 251 252 261 274 279 284 313 319 323 349 353 358 365 367 370 379 398 401 408 409 432 447 468 493 
44 2 18 35 36 69 70 107 113 123 148 166 171 179 180 186 193 205 214 216 217 222 254 255 261 263 267 282 285 286 309 318 327 328 344 352 365 374 389 409 415 416 428 461 466 
46 2 4 17 29 42 43 78 105 108 118 127 131 141 159 169 172 177 185 192 194 212 231 236 241 242 253 262 266 267 281 288 291 304 317 318 324 330 347 359 383 396 398 428 447 484 500 
50 8 9 13 37 40 48 50 57 66 73 90 109 113 124 125 132 144 169 172 198 207 234 237 238 244 246 261 264 282 307 314 323 339 350 363 369 379 391 399 402 406 416 424 435 446 458 459 471 478 480 
59 6 15 19 32 44 48 53 57 67 97 103 104 118 129 150 156 159 161 173 182 188 198 202 209 212 217 242 250 252 268 279 283 288 294 298 312 335 350 360 368 369 370 378 381 383 386 399 401 410 415 431 439 440 448 455 456 484 487 489 
