100 500
47 5 12 26 27 32 33 36 56 67 76 86 95 101 106 112 126 133 159 178 182 191 213 222 223 227 236 256 262 270 271 277 279 292 310 317 334 368 376 394 411 426 439 440 445 477 496 497 
50 1 31 45 55 77 79 82 102 111 123 124 129 138 157 160 163 180 182 198 221 228 237 239 272 276 284 289 293 300 303 308 309 310 317 332 343 366 367 396 401 416 418 431 433 442 453 454 479 491 492 
46 9 27 31 55 63 103 104 111 121 136 150 153 184 186 220 227 228 231 233 248 251 262 282 288 289 301 338 340 350 353 366 373 378 379 380 381 382 398 415 431 435 454 455 474 479 490 
53 6 7 12 21 22 31 36 42 44 50 53 65 75 115 117 120 131 148 149 154 161 190 193 214 215 248 252 258 272 277 307 309 311 316 318 329 339 352 359 370 384 391 414 416 418 428 439 453 461 464 481 493 499 
55 4 8 11 15 19 25 26 30 40 46 48 60 81 88 89 91 92 96 110 118 139 150 174 183 199 200 206 207 227 239 246 250 255 269 273 281 291 313 322 327 333 348 383 384 390 403 408 417 425 434 438 443 451 470 479 
51 2 6 11 18 28 31 39 43 49 78 87 123 128 140 164 165 169 175 214 227 230 238 239 255 273 274 283 286 291 311 314 338 339 342 345 356 363 375 385 414 417 433 440 441 451 455 478 481 483 485 488 
44 4 42 55 62 63 68 75 76 103 106 108 145 166 177 182 201 211 216 220 226 240 244 245 250 251 259 260 276 279 298 332 346 382 384 388 390 400 433 438 452 458 470 483 494 
47 4 34 37 44 45 47 64 77 84 92 93 95 103 107 116 121 128 130 140 174 188 193 209 213 217 231 253 258 288 305 309 310 321 332 334 351 358 409 442 447 448 453 466 481 488 496 498 
49 13 28 30 33 78 80 82 84 86 98 112 120 124 126 130 134 142 152 153 157 164 165 175 211 216 252 263 268 292 302 315 355 356 365 374 382 408 414 416 420 429 434 435 444 445 454 457 472 475 
40 17 25 37 62 91 100 114 152 174 192 203 235 237 238 250 257 261 266 269 277 282 293 318 321 329 343 351 352 366 367 373 381 392 396 411 440 448 469 474 476 
58 11 23 25 34 69 71 75 84 111 123 131 139 142 144 145 157 158 159 162 169 178 192 199 201 204 209 216 219 260 261 265 267 293 300 306 310 315 319 325 341 347 350 355 361 388 405 414 415 417 442 459 465 467 470 472 473 487 494 
54 8 14 18 22 23 25 27 51 52 54 84 91 101 112 115 130 150 162 187 197 205 211 229 244 257 260 265 272 275 283 316 335 336 358 362 372 378 386 416 417 418 419 425 429 433 435 447 451 457 459 469 473 477 492 
48 3 4 47 48 87 89 94 109 115 118 126 134 148 165 174 181 182 190 212 217 225 238 242 248 281 282 283 294 299 323 328 332 342 350 370 373 390 391 433 437 453 455 457 465 479 489 498 499 
51 19 42 52 64 81 87 89 101 113 118 119 125 127 133 134 138 160 165 173 181 201 204 272 288 289 292 309 310 317 328 337 346 358 361 362 364 366 381 389 391 392 399 413 418 422 434 436 443 480 493 498 
54 23 27 34 52 53 54 61 80 82 83 85 108 111 125 140 160 166 178 179 193 209 212 217 225 229 238 249 253 256 259 270 273 318 326 346 351 373 391 408 410 419 421 422 423 431 442 461 462 468 476 487 490 493 500 
59 4 10 20 22 24 26 32 35 59 60 63 64 76 77 90 101 126 131 136 158 177 196 206 210 223 237 238 244 267 273 287 296 303 315 318 320 329 330 338 339 347 350 362 372 383 390 404 406 410 411 414 431 438 446 451 467 479 489 497 
64 5 6 7 15 16 19 31 33 39 43 49 51 65 69 79 84 85 89 102 109 116 124 130 145 146 149 150 153 156 158 172 173 174 176 183 194 198 199 207 212 230 236 237 260 272 281 283 285 294 313 316 323 327 328 345 365 372 385 398 406 417 450 492 497 
46 1 36 38 56 57 63 80 82 86 97 116 124 138 192 194 199 205 214 216 222 236 240 250 278 281 298 315 320 327 332 350 364 370 399 413 414 420 425 441 444 445 449 461 462 498 499 
46 1 8 24 26 29 32 50 55 70 77 90 114 121 132 136 137 138 144 148 216 220 222 234 236 259 260 267 273 290 292 298 344 345 346 362 373 376 398 399 400 408 430 463 473 484 497 
49 8 20 26 40 56 61 72 76 94 109 117 128 133 173 186 194 205 252 253 263 273 299 308 309 322 328 345 361 364 368 370 379 383 384 385 391 398 401 403 419 424 425 437 443 448 459 461 469 487 
47 14 20 39 42 45 73 76 79 80 99 112 116 127 130 162 168 173 180 181 186 231 243 248 266 268 285 294 297 315 319 321 327 330 343 346 351 353 376 385 387 392 408 420 432 455 491 492 
56 19 22 26 37 43 46 48 53 59 71 74 91 92 119 122 123 179 181 185 197 202 203 232 236 237 247 261 270 271 288 295 314 316 319 325 349 355 365 372 374 377 378 380 387 394 396 401 411 423 429 432 435 462 463 487 493 
45 36 38 55 57 79 81 89 100 107 125 133 154 158 160 162 169 192 215 220 227 234 242 262 265 267 294 309 317 325 346 348 370 378 380 390 392 414 428 434 451 455 462 474 491 500 
47 1 2 5 11 18 34 38 39 46 49 62 65 67 70 102 112 116 120 121 157 158 171 176 185 192 200 234 245 252 277 295 307 316 322 339 357 375 392 413 430 431 433 448 452 455 474 498 
53 17 20 21 27 79 81 88 95 96 117 120 121 135 146 167 186 191 196 213 221 225 233 238 247 259 260 272 281 291 295 306 317 326 327 328 335 336 355 358 363 366 367 371 372 379 387 415 418 426 460 463 474 487 
57 7 16 77 86 92 107 113 118 122 134 168 177 188 194 196 197 209 210 211 239 240 242 246 251 252 259 260 265 268 269 274 294 295 299 309 310 322 325 332 338 343 355 360 363 365 370 382 384 407 418 434 436 446 456 469 470 482 
55 5 10 21 40 60 64 74 76 89 93 108 116 117 126 143 148 150 155 160 161 162 182 211 216 240 244 247 264 281 285 289 298 319 332 344 352 358 365 369 377 398 400 404 406 414 420 432 439 450 457 469 485 487 488 498 
51 22 23 32 37 44 56 61 67 73 81 154 156 158 160 161 172 213 215 219 229 238 245 255 263 272 281 291 311 318 335 338 344 365 374 376 378 381 383 398 402 411 424 435 447 457 465 469 472 485 487 491 
53 1 4 11 17 42 48 56 64 77 78 85 88 104 115 123 127 129 150 154 158 167 183 186 187 196 205 210 217 221 231 251 257 279 282 283 285 288 319 332 355 360 363 379 381 422 425 443 448 471 472 480 486 497 
59 2 4 8 23 34 49 63 93 97 108 112 114 119 129 140 143 149 153 159 176 185 193 197 219 223 246 255 278 280 282 291 295 297 301 307 329 331 332 341 356 370 404 409 413 416 417 420 431 434 448 451 456 461 469 481 489 492 494 499 
38 43 48 58 65 78 111 118 126 139 142 144 150 153 160 166 178 181 216 234 243 267 269 322 328 339 361 362 365 372 374 378 404 412 413 439 467 470 487 
49 20 26 27 39 53 64 81 82 87 89 98 112 137 140 142 172 185 190 191 202 206 252 262 268 269 273 277 279 303 305 315 337 342 343 346 353 373 377 386 400 407 432 454 455 456 469 477 490 491 
58 7 8 12 20 26 28 30 31 41 64 69 83 111 113 114 133 149 155 159 163 164 170 175 179 199 204 206 208 217 235 246 250 258 269 270 274 277 282 294 302 305 308 311 321 346 370 376 377 390 394 401 414 451 464 465 482 490 492 
40 20 32 37 54 65 66 86 99 103 120 125 127 130 185 192 198 203 205 217 219 229 240 252 261 314 333 340 365 376 409 411 414 427 432 452 461 465 469 474 482 
46 3 7 26 31 39 41 46 55 68 96 101 124 151 168 169 175 182 191 198 230 234 235 245 248 260 275 278 280 284 289 307 315 316 333 348 351 367 378 386 392 396 440 449 462 489 498 
49 3 41 45 52 53 67 71 86 87 90 102 119 127 152 159 191 215 223 233 242 270 273 279 281 291 307 309 315 327 339 343 344 346 349 350 357 359 382 398 399 408 414 419 423 451 454 458 459 464 
55 6 35 48 51 57 68 70 94 95 101 106 130 131 143 145 161 179 185 193 202 208 228 230 231 232 238 242 248 250 252 277 284 289 299 302 304 308 315 316 322 341 356 361 370 371 377 429 434 437 445 452 465 466 467 497 
46 8 20 41 50 55 64 80 82 106 110 113 117 140 141 164 178 181 194 211 227 257 264 266 276 291 315 323 329 342 347 357 365 370 380 381 391 394 399 404 406 418 432 445 462 476 494 
47 1 7 15 35 47 63 75 82 89 90 96 111 135 143 156 162 172 177 181 185 196 202 241 244 261 267 271 280 289 293 295 297 318 336 337 345 351 373 374 389 396 431 439 451 463 464 477 
49 7 10 13 26 34 47 53 66 70 89 96 103 105 128 135 143 162 189 196 198 220 235 249 260 264 273 274 294 302 313 314 318 323 337 343 348 358 373 377 383 403 418 439 450 462 469 472 474 499 
40 37 38 47 59 65 72 79 87 90 101 123 131 140 145 150 156 170 239 240 250 266 299 327 330 338 339 354 359 364 378 381 386 394 405 412 421 430 439 442 462 
48 9 14 16 35 38 43 49 50 68 80 81 86 102 121 161 162 170 178 179 185 191 218 227 235 246 249 250 285 298 318 330 333 357 371 372 375 381 383 394 400 401 430 432 442 443 469 474 495 
47 4 16 18 33 100 107 108 117 118 140 144 166 172 175 189 206 215 226 228 242 249 253 254 257 263 270 272 273 282 291 297 299 318 322 335 368 379 380 388 403 404 406 426 461 463 472 492 
51 4 25 33 39 56 60 67 75 85 103 116 121 122 129 138 139 140 153 157 168 172 177 184 187 197 212 215 218 224 226 231 243 261 304 310 324 328 338 340 342 344 348 357 366 380 382 452 453 454 461 490 
35 3 9 16 19 24 40 44 51 59 68 105 109 127 133 166 178 189 194 218 250 254 257 278 316 327 332 339 345 350 396 403 436 452 490 498 
42 12 22 29 36 56 70 73 92 96 129 137 144 186 197 211 221 228 263 272 296 297 302 304 309 310 312 321 377 388 395 414 437 447 448 454 457 463 469 476 479 487 490 
67 3 11 15 18 21 24 37 60 73 101 105 120 128 132 138 168 171 182 186 189 193 200 206 211 216 221 222 224 228 231 234 245 254 255 270 282 285 291 298 301 311 312 313 316 324 327 328 340 343 351 356 359 368 375 387 389 390 400 412 414 415 418 427 430 474 483 500 
48 44 49 86 103 104 114 117 131 142 145 188 196 198 209 220 222 238 245 250 254 259 263 289 304 305 307 317 318 320 332 335 338 342 347 353 358 367 378 392 403 413 429 430 443 463 472 481 497 
60 5 20 26 33 39 45 55 62 76 78 85 88 95 101 123 125 136 142 145 151 155 178 189 194 195 205 214 257 263 264 281 285 294 297 307 311 324 330 335 338 344 346 360 364 367 385 407 413 420 428 429 435 438 447 452 474 476 478 491 493 
60 2 5 15 25 31 32 60 61 63 65 70 71 91 105 106 121 134 137 139 151 168 184 205 216 217 218 235 246 251 262 263 266 272 279 304 322 327 331 343 348 349 359 362 367 369 388 392 396 397 421 429 462 464 466 469 479 486 488 497 500 
43 29 34 64 69 74 76 91 98 103 123 130 132 149 163 196 197 202 210 225 228 237 246 250 254 260 264 284 288 293 294 299 325 326 340 355 360 398 410 460 464 468 489 490 
31 52 58 59 82 101 118 168 175 189 195 201 238 269 270 277 280 288 328 336 377 383 386 408 419 421 426 448 450 473 480 486 
44 9 47 52 90 119 126 134 137 145 147 150 168 182 187 202 217 218 228 235 238 243 246 249 260 284 292 304 312 315 320 322 323 324 353 369 374 391 398 402 405 406 412 425 473 
53 9 25 58 66 67 82 119 120 121 144 155 169 171 177 187 194 200 215 222 223 225 228 229 231 238 250 253 257 265 275 285 300 312 325 326 340 341 342 343 360 379 388 403 414 418 429 431 434 444 459 470 472 491 
43 4 8 9 14 54 79 83 97 111 114 121 131 138 144 164 170 180 205 217 225 239 246 254 277 281 293 306 324 332 339 344 361 366 395 405 416 442 444 447 459 490 496 499 
61 3 8 28 29 36 37 46 54 57 66 82 101 106 117 132 134 137 147 154 162 164 169 171 175 178 179 181 194 195 199 200 212 213 214 222 227 228 231 267 279 283 291 296 297 299 311 324 337 361 362 374 392 395 399 424 440 443 460 464 483 487 
52 1 6 28 42 43 70 73 78 93 113 132 133 165 184 196 199 203 206 207 213 216 220 235 238 239 294 303 309 328 337 338 340 346 347 348 360 364 366 367 384 399 424 434 454 464 482 483 484 485 489 490 491 
43 28 32 37 52 68 74 101 106 108 109 118 158 175 176 181 190 201 203 219 220 245 265 286 327 342 373 385 395 397 407 409 425 428 431 432 440 447 464 465 468 470 471 498 
36 27 31 45 60 68 73 105 118 124 126 128 173 195 196 205 217 227 231 239 251 263 287 294 296 305 311 338 339 341 371 404 421 456 485 489 492 
52 7 9 10 20 21 23 34 39 62 65 66 76 88 95 106 110 134 137 149 152 154 161 175 199 207 216 243 244 253 265 278 284 308 345 352 359 370 389 399 410 422 434 460 462 463 468 469 473 479 487 491 494 
57 10 13 17 18 27 50 52 59 70 71 100 108 124 127 134 150 160 179 183 197 209 212 223 229 235 252 268 274 293 297 307 308 324 364 370 379 382 386 390 405 409 418 421 433 436 437 440 448 455 457 458 465 467 468 475 478 479 
43 5 11 29 40 48 53 59 78 90 109 125 128 134 135 137 140 146 175 180 182 186 188 210 238 239 240 241 254 276 282 288 318 319 335 344 354 399 418 425 446 471 479 499 
56 1 2 21 25 38 57 81 90 93 99 101 112 118 129 137 140 143 152 173 174 176 182 186 200 202 208 221 244 259 264 265 271 282 285 317 326 342 364 374 377 389 397 404 436 437 454 462 464 467 474 476 480 482 489 491 494 
50 22 24 36 38 54 111 116 129 135 140 164 173 176 180 192 195 199 206 212 214 219 220 232 234 237 247 251 252 271 295 296 298 300 310 314 338 341 347 348 349 354 395 417 448 459 465 474 480 493 497 
60 3 14 16 23 29 30 62 72 76 81 85 90 93 109 119 126 134 141 148 169 172 204 218 219 223 240 241 259 268 271 278 283 287 289 295 300 301 307 312 314 323 335 338 339 341 352 359 360 374 394 398 409 411 416 420 435 458 465 469 477 
45 11 39 52 73 74 79 85 91 126 134 147 166 168 198 203 208 214 229 238 241 248 266 271 274 280 289 291 295 312 316 347 360 367 370 383 384 394 401 418 422 444 448 464 492 493 
51 4 29 38 49 51 65 74 79 82 88 97 100 107 108 110 129 146 150 157 160 175 177 183 185 188 190 209 233 247 263 271 282 286 313 323 332 346 352 358 401 407 411 413 432 464 465 467 471 477 482 494 
48 4 12 15 34 68 75 77 86 98 118 130 132 136 147 151 185 192 199 201 206 210 212 234 253 267 269 286 287 296 307 308 313 314 317 348 360 363 375 404 408 428 430 468 472 478 479 486 500 
55 23 29 37 38 43 44 46 50 59 63 87 90 105 129 147 151 153 167 170 187 191 209 223 232 245 250 268 272 277 278 281 293 311 317 318 319 340 353 357 360 368 371 377 390 398 406 423 431 435 442 468 472 479 487 492 
46 9 14 25 36 41 50 55 65 77 86 91 97 112 113 126 131 136 142 153 199 214 216 243 249 255 264 273 291 301 309 312 316 320 346 356 363 392 400 405 441 456 460 476 481 492 498 
48 3 5 13 14 18 19 26 39 43 47 50 61 67 84 92 94 99 128 146 149 155 204 223 231 241 246 264 270 302 306 307 330 354 362 380 387 394 397 404 421 425 428 430 434 441 474 483 498 
53 8 31 41 50 56 60 79 83 90 94 99 103 136 141 144 156 164 167 176 182 185 191 200 204 205 218 226 228 245 246 249 258 267 273 291 299 302 304 321 342 344 348 373 388 422 427 438 447 454 465 475 478 480 
58 19 23 35 42 48 71 78 122 143 146 153 170 176 178 180 181 182 184 202 210 212 215 219 222 232 272 280 281 282 290 294 296 303 315 316 320 321 328 331 334 336 337 338 360 386 403 409 413 422 431 434 451 469 470 474 482 484 488 
50 5 7 10 13 28 38 41 47 67 71 77 79 93 94 95 150 163 174 193 200 206 216 236 256 261 286 303 307 315 322 328 333 347 349 354 364 401 406 417 422 424 426 434 437 439 444 474 481 486 496 
48 1 5 10 35 38 41 88 89 102 118 138 150 162 182 208 239 240 252 262 272 291 292 310 311 318 333 351 354 368 379 382 385 386 394 406 407 410 415 422 431 438 458 459 471 473 490 491 497 
52 29 31 40 67 77 79 80 87 95 98 108 111 119 124 168 169 176 181 212 229 242 244 256 269 294 300 323 329 330 334 336 338 342 352 353 358 372 380 382 383 396 397 410 413 438 441 443 467 471 477 481 494 
53 6 23 24 26 43 49 62 73 77 130 137 140 151 156 157 160 178 180 192 207 216 218 236 251 256 260 271 277 278 279 282 289 294 298 304 308 322 339 360 362 366 371 377 398 410 421 424 435 439 448 469 475 481 
57 1 22 23 28 36 54 56 59 60 65 71 73 77 91 92 99 100 102 117 121 129 131 149 152 179 190 205 210 219 242 244 246 259 289 298 299 300 328 331 334 343 345 360 361 372 377 382 383 409 410 413 440 449 457 461 480 481 
45 6 14 19 21 23 35 56 58 85 86 105 128 131 139 146 168 189 194 205 215 229 238 248 257 276 287 292 307 336 345 350 356 368 407 414 423 424 439 449 458 466 474 476 478 486 
56 6 18 20 22 30 32 65 69 75 95 104 114 129 148 155 156 157 174 200 208 219 223 225 234 235 239 242 247 250 305 323 325 334 345 351 353 356 363 364 368 371 386 388 399 402 415 429 435 447 455 456 475 478 479 492 497 
47 14 44 56 64 108 114 119 122 145 149 151 152 154 158 170 177 184 191 195 197 208 221 234 235 280 304 326 334 341 350 354 357 371 382 408 417 420 425 426 432 435 441 458 471 486 487 497 
48 12 22 34 41 59 73 78 101 104 123 144 150 167 174 186 191 212 218 221 223 231 267 278 283 300 329 330 341 345 367 373 388 392 396 407 433 454 455 457 461 463 474 480 481 486 490 493 494 
49 2 8 16 28 33 34 44 52 67 77 78 102 120 121 128 137 140 141 167 175 178 214 222 243 245 248 267 282 289 310 313 315 319 329 335 366 391 395 397 401 411 416 417 427 451 456 469 473 491 
66 3 21 23 27 31 34 37 51 54 55 59 62 81 86 94 96 109 113 119 120 128 137 138 147 162 163 173 184 200 225 226 234 242 266 270 276 294 297 299 305 320 327 335 340 348 351 354 369 380 388 394 398 405 407 417 418 424 429 431 443 447 461 463 466 468 489 
60 9 11 13 14 33 34 38 53 73 78 92 97 99 103 112 121 126 133 134 140 141 143 156 175 186 197 201 202 222 230 231 233 249 262 267 269 275 281 286 307 328 347 360 367 373 377 381 384 389 403 404 405 414 416 438 440 455 476 496 497 
53 3 10 19 37 39 46 47 58 60 80 81 105 106 116 117 129 132 142 146 158 170 206 208 224 243 248 269 273 279 282 295 297 306 314 321 329 333 343 344 383 406 431 432 434 441 450 466 473 474 478 479 486 495 
66 7 13 45 60 72 74 79 81 83 90 93 115 126 144 157 159 187 192 201 204 205 215 219 229 233 239 243 257 260 287 291 295 299 305 306 307 310 319 321 322 328 330 332 334 337 355 358 361 380 388 402 403 408 409 411 413 435 441 444 448 453 458 459 474 480 498 
42 5 14 30 41 45 60 72 93 110 112 137 154 171 181 186 188 190 248 263 271 292 297 318 327 345 350 373 375 388 393 394 406 420 430 439 442 448 469 485 486 497 499 
56 8 11 13 22 28 47 58 70 82 105 144 147 168 169 176 179 188 212 214 236 248 263 269 275 277 279 289 300 302 321 329 340 346 351 359 367 375 385 391 398 402 410 411 416 427 454 456 460 462 472 488 489 490 491 493 495 
53 12 13 14 35 36 43 68 78 96 99 102 103 105 107 123 129 132 150 156 176 181 189 196 206 209 219 223 235 240 241 256 260 269 281 296 300 314 318 330 354 359 387 390 401 411 413 437 448 459 463 470 498 499 
48 1 8 15 41 43 46 47 48 53 67 82 103 125 129 139 143 150 157 160 163 181 187 203 246 249 284 299 311 318 351 355 383 390 391 394 396 410 411 418 429 445 455 458 472 481 488 490 497 
46 11 12 26 34 41 63 70 78 84 88 136 184 193 197 201 206 223 226 238 261 269 270 273 287 299 301 304 305 312 316 328 329 332 334 371 375 382 388 393 408 409 416 419 470 471 493 
55 6 17 25 28 42 52 60 61 72 80 101 109 110 118 119 159 160 168 172 175 187 188 199 213 232 233 245 247 271 273 276 283 284 309 314 325 341 366 374 388 395 398 412 420 424 437 441 453 464 466 474 480 485 492 494 
45 3 17 22 25 38 44 49 52 53 54 62 68 77 80 91 97 98 111 139 156 162 181 196 202 213 238 285 289 299 314 365 368 373 380 383 398 400 409 415 420 456 463 478 495 496 
47 27 66 74 76 93 99 108 122 123 127 129 143 201 223 237 242 252 278 281 294 296 298 305 307 309 312 337 340 343 346 366 390 402 407 411 412 414 421 433 440 441 443 448 475 479 480 489 
48 2 15 27 39 43 46 53 60 76 86 103 116 121 133 151 177 179 182 185 186 206 209 223 225 234 237 240 248 263 267 271 273 282 295 296 303 322 351 355 391 403 408 413 414 416 418 441 460 
51 4 12 20 42 50 55 56 82 98 108 117 133 135 139 147 153 154 163 166 168 171 175 177 185 200 205 209 210 218 229 248 258 274 275 292 294 321 331 332 333 347 348 352 376 417 453 457 464 475 492 495 
52 1 2 4 32 35 58 73 74 78 79 101 127 129 160 182 184 197 202 203 220 234 241 249 255 256 266 270 271 278 290 292 341 355 356 360 361 362 369 372 373 378 382 390 391 406 407 417 421 446 466 487 495 
51 2 19 21 49 52 60 61 76 86 89 98 110 133 134 139 172 174 191 213 248 254 268 269 274 275 289 290 294 301 324 330 338 353 358 361 364 371 384 385 395 415 417 421 439 445 448 453 491 493 497 499 
52 1 14 26 46 47 60 88 91 106 116 148 149 155 171 181 183 184 186 188 210 211 216 219 220 234 240 276 278 283 290 298 301 331 332 350 354 357 360 363 364 373 378 411 413 418 420 440 457 479 490 492 500 
