100 500
55 9 11 12 19 22 33 36 42 51 54 72 73 81 86 109 120 131 132 139 142 156 160 161 163 181 187 207 217 221 232 252 254 257 264 277 280 283 288 301 327 368 380 402 406 413 428 432 448 461 470 471 489 490 492 498 
49 11 17 20 25 26 31 48 61 93 103 110 113 119 120 143 153 172 176 178 189 190 207 215 216 222 225 233 258 263 280 285 290 298 310 329 330 334 336 355 377 418 425 434 438 443 469 481 488 495 
47 9 11 29 47 49 64 65 69 70 84 98 102 105 128 137 144 150 161 204 209 210 212 216 220 241 259 267 281 287 303 304 311 313 331 348 360 364 369 412 415 429 434 435 445 473 478 483 
44 11 14 16 23 60 73 96 109 110 148 165 166 173 182 185 200 201 204 219 235 243 270 274 291 308 309 314 321 342 345 355 369 375 376 382 392 405 424 434 439 447 448 458 494 
45 14 46 53 55 62 74 87 100 105 113 124 127 147 149 157 164 165 173 180 186 197 213 223 248 256 265 266 274 279 290 298 306 312 317 334 339 350 351 359 361 384 403 410 429 443 
56 11 18 19 28 46 49 57 75 83 102 106 113 138 145 146 176 179 181 188 198 199 211 234 236 237 239 242 274 275 290 295 312 318 327 330 340 343 352 353 357 363 366 373 382 403 406 409 414 415 422 439 447 452 463 484 496 
59 2 8 29 36 39 42 57 68 75 79 121 126 133 135 140 145 148 158 172 173 174 178 202 216 223 225 239 249 257 274 278 283 285 290 296 312 319 320 325 337 338 341 345 358 360 362 367 398 402 404 406 434 440 442 447 448 449 459 491 
58 9 10 15 17 29 34 43 59 69 83 85 91 97 104 109 113 127 132 142 143 161 179 188 199 213 215 224 233 248 254 262 271 284 301 308 310 327 334 337 347 348 358 388 389 413 418 425 435 438 446 463 464 470 486 489 490 497 498 
53 11 32 46 50 58 62 70 72 116 119 121 144 146 174 177 188 214 222 223 224 228 229 255 256 263 265 271 274 299 309 331 335 340 342 346 348 353 370 373 375 387 388 413 419 421 429 437 456 477 485 490 492 499 
49 3 5 25 35 39 44 63 100 101 111 121 123 149 152 163 177 201 205 208 221 229 232 233 236 247 248 250 261 264 271 272 286 303 304 332 359 373 374 386 390 394 395 435 452 458 464 470 485 486 
37 36 44 49 63 68 71 83 100 121 126 143 159 172 190 235 238 274 287 291 296 300 343 356 357 361 363 406 407 419 420 438 483 487 488 492 499 500 
42 35 36 64 84 96 107 121 127 129 131 139 143 147 153 175 182 187 200 219 222 224 245 279 283 300 301 302 309 313 320 357 370 414 424 430 444 452 455 467 481 493 495 
50 4 19 55 66 93 100 102 103 112 115 119 121 122 124 129 130 133 139 151 156 158 161 184 187 211 218 224 226 232 258 278 307 313 332 339 341 344 352 356 359 379 407 408 413 441 465 477 484 493 496 
46 7 11 22 60 61 72 83 88 93 110 114 131 146 155 174 177 185 187 188 189 196 211 215 232 239 240 260 263 266 282 289 296 317 320 346 353 367 391 392 394 422 425 432 436 472 486 
52 12 29 41 44 50 64 71 101 112 119 124 125 128 129 132 144 148 151 152 161 166 181 182 186 203 233 242 258 267 288 302 306 309 314 324 373 379 391 404 414 426 430 437 442 445 454 457 461 464 476 479 480 
40 18 39 40 81 102 103 105 113 127 153 168 175 176 217 222 225 271 275 282 301 309 311 319 328 342 346 348 364 375 376 379 419 420 433 441 462 472 476 478 494 
43 13 26 33 34 48 58 85 94 107 126 130 134 135 142 146 170 183 190 198 200 203 225 245 246 263 271 315 362 373 382 405 412 414 419 422 428 431 433 437 447 450 482 499 
59 9 17 19 42 55 60 72 75 82 83 84 86 91 104 110 112 115 121 128 138 141 147 156 159 164 169 195 199 231 247 248 257 272 285 288 289 297 298 309 323 336 360 364 367 373 378 385 402 403 419 428 440 474 482 483 484 487 491 500 
69 3 9 33 38 45 49 54 55 59 87 88 98 102 104 108 123 128 134 153 154 164 183 195 211 220 223 226 238 241 262 266 269 270 280 285 286 287 301 305 326 327 328 329 332 333 336 343 375 379 386 395 402 406 407 413 419 424 431 434 437 444 445 453 470 474 492 493 496 497 
35 7 49 54 63 71 106 112 119 126 147 150 159 167 177 220 243 262 267 278 284 286 295 301 306 333 335 350 356 367 375 399 409 417 443 461 
60 5 7 10 16 23 44 47 49 69 76 81 91 97 100 106 118 123 125 128 129 142 157 166 176 183 184 201 205 219 224 228 232 264 288 293 294 298 302 317 320 322 347 358 359 372 380 386 388 396 414 439 441 457 471 473 477 479 481 492 496 
42 25 31 53 60 64 87 113 136 152 156 161 162 171 180 181 186 219 233 252 271 276 278 280 282 283 288 290 315 328 336 375 387 410 430 450 460 461 463 471 475 493 499 
47 13 19 26 33 47 50 80 113 120 136 139 140 152 156 161 194 205 212 213 217 276 286 292 299 302 307 312 314 317 331 337 348 357 381 391 400 409 421 423 431 448 459 466 467 469 487 488 
53 6 9 15 18 37 40 42 51 57 61 79 84 90 100 101 112 154 157 187 190 199 201 207 213 215 218 221 225 226 235 241 250 254 257 267 293 303 315 336 372 393 399 402 414 418 419 462 466 475 482 483 492 494 
45 25 31 45 50 53 56 73 93 103 107 114 116 125 132 151 153 167 209 224 226 228 237 251 252 253 264 267 290 316 339 356 360 366 379 380 397 402 418 432 457 458 467 483 492 497 
45 7 8 12 29 42 57 64 84 90 94 99 122 142 143 147 149 156 165 180 189 190 217 220 241 253 255 260 273 314 319 335 374 404 409 415 416 422 446 457 458 465 466 477 499 500 
54 2 5 8 13 24 34 40 59 66 67 70 89 91 109 116 124 141 143 150 157 166 173 180 184 188 189 192 204 214 217 220 237 250 257 262 286 289 306 307 335 347 352 357 378 404 410 431 437 448 463 486 495 496 497 
52 21 29 34 38 45 52 53 63 70 96 100 133 134 138 152 162 180 192 199 202 204 215 222 226 236 240 245 248 275 277 291 292 304 307 310 324 328 356 359 369 386 398 411 420 421 425 448 451 457 481 483 500 
56 1 10 22 36 37 40 43 45 54 57 59 66 86 88 92 105 127 132 146 158 180 190 192 203 208 226 228 232 235 241 245 249 261 263 266 287 315 320 324 341 359 365 367 380 386 391 393 398 416 422 430 434 446 455 456 491 
49 6 21 29 39 53 55 58 62 81 89 108 122 130 152 154 157 159 175 179 189 196 198 208 221 229 252 253 269 282 291 296 323 331 335 342 355 364 374 376 379 407 410 412 421 450 452 458 484 493 
47 7 8 16 18 32 33 40 51 70 76 94 104 114 122 125 131 145 152 168 171 172 189 208 215 227 232 238 240 249 268 282 291 316 340 353 369 388 395 413 438 445 456 458 461 477 481 496 
42 7 9 10 11 18 23 35 64 71 99 100 103 109 130 167 179 183 216 219 233 268 293 299 301 320 323 329 340 366 376 386 396 415 418 429 438 455 474 481 486 491 498 
42 8 13 21 48 63 77 82 99 100 109 111 129 133 149 167 171 190 195 197 222 230 233 260 270 286 291 304 308 344 358 363 367 390 396 400 404 408 409 423 427 471 480 
48 5 14 16 18 25 27 29 32 51 55 58 80 85 92 96 108 111 124 127 151 178 188 212 214 222 236 252 256 268 301 308 309 321 330 337 340 346 355 392 398 407 411 441 444 476 485 491 498 
43 12 27 30 35 45 54 55 58 60 61 89 95 101 116 121 140 144 147 155 167 173 177 214 221 242 253 258 301 318 340 350 361 376 382 388 390 397 411 423 424 448 463 500 
45 1 20 21 22 27 48 58 77 79 87 109 112 141 142 146 152 165 170 173 196 214 226 230 234 251 254 257 267 268 270 306 316 322 368 382 391 411 426 431 436 442 451 452 492 494 
49 15 41 71 79 92 106 108 116 154 156 159 164 169 193 201 204 205 215 220 229 232 250 256 257 260 261 294 319 320 337 344 352 357 360 371 379 381 396 406 441 445 446 452 456 466 475 484 487 488 
54 2 13 36 52 59 65 70 75 91 93 96 121 124 126 130 131 132 134 142 150 160 166 190 191 214 220 222 226 229 239 240 248 259 277 283 285 301 305 308 310 326 327 361 371 396 400 402 417 421 451 460 466 472 487 
51 2 13 15 19 20 43 51 54 56 64 72 76 79 81 91 94 103 105 131 133 143 147 152 172 193 219 220 243 247 250 263 302 303 309 325 345 349 353 356 386 395 419 437 439 462 463 472 473 479 496 498 
54 5 16 20 25 26 36 47 63 83 93 96 112 122 137 141 150 153 162 170 178 179 181 195 202 217 227 232 235 249 253 254 277 283 287 293 299 310 311 314 315 320 329 334 359 365 370 371 378 397 400 455 460 480 499 
45 10 17 18 37 48 70 75 87 88 91 114 133 137 143 177 178 187 194 198 231 234 242 243 258 268 272 283 316 344 353 358 365 371 388 395 399 402 450 457 458 465 470 473 475 483 
56 2 7 43 54 55 76 77 78 83 98 106 109 115 122 126 132 145 153 170 207 215 217 230 235 236 252 259 285 302 311 315 334 342 348 359 360 367 373 395 401 407 414 421 422 423 427 446 447 468 476 477 481 483 491 493 500 
55 14 19 22 27 35 40 68 70 77 91 108 115 117 123 127 134 142 148 155 163 164 189 190 200 202 207 217 221 230 233 237 245 269 270 278 280 297 301 310 330 364 372 373 388 390 394 406 415 426 449 456 474 479 494 495 
56 1 17 18 22 23 25 26 30 55 60 72 78 84 99 109 113 137 156 157 159 173 179 182 183 184 189 191 218 220 226 231 233 272 291 295 314 315 361 368 370 372 374 378 381 388 396 399 407 428 436 446 453 464 467 481 485 
46 10 17 29 40 47 50 57 72 81 82 102 121 129 136 145 155 159 161 166 173 180 196 206 218 226 227 228 260 261 288 291 298 306 320 393 406 409 443 449 456 457 464 478 485 493 499 
57 6 9 20 30 39 47 65 72 82 95 101 108 110 115 122 130 136 137 139 151 174 176 195 221 230 244 253 265 303 305 307 309 318 329 330 377 381 385 395 412 416 427 429 434 441 444 448 451 462 465 466 471 473 481 486 495 500 
52 25 32 37 52 53 56 57 75 82 86 97 113 114 127 132 162 184 189 201 217 220 224 226 238 242 243 259 263 285 312 318 319 331 339 346 349 354 365 366 368 401 413 420 431 441 444 457 470 474 476 490 492 
57 1 23 36 50 57 63 65 67 83 84 90 116 117 135 136 138 144 157 160 164 175 198 207 224 234 258 259 271 286 289 299 302 304 308 315 317 320 325 327 330 331 335 339 347 352 354 382 383 414 443 447 467 469 476 479 487 499 
40 9 25 37 40 51 57 59 66 85 91 111 122 123 134 135 139 142 164 165 190 219 237 270 296 306 317 322 327 332 341 353 358 361 377 395 416 425 429 437 446 
48 17 24 32 52 55 79 98 111 122 147 175 178 186 192 213 217 227 229 231 240 251 264 273 299 306 315 318 321 322 326 328 349 352 366 396 399 411 420 421 427 430 432 444 447 449 469 494 497 
43 53 54 63 82 85 89 91 97 105 108 121 140 142 155 163 182 219 228 238 240 265 272 294 295 321 341 349 352 369 372 378 388 402 406 408 409 421 432 454 456 474 475 493 
46 1 9 16 37 46 48 66 70 72 81 115 120 122 132 133 146 158 169 170 175 180 192 199 212 225 229 251 264 274 275 278 304 307 313 332 334 359 369 370 409 410 426 446 452 471 494 
45 1 6 10 13 14 15 33 82 96 100 102 105 129 147 152 163 180 185 189 215 235 241 251 253 264 277 282 288 308 316 355 365 369 372 373 381 385 396 398 413 415 453 455 469 498 
50 9 17 18 25 35 39 44 59 106 126 129 144 145 146 168 172 194 196 199 200 204 217 223 240 256 269 276 280 289 298 315 373 380 397 405 408 411 412 417 418 422 426 432 442 454 457 462 479 495 496 
60 6 28 49 58 64 72 78 80 83 91 96 111 114 116 123 125 130 140 155 168 171 176 191 207 213 217 227 237 243 251 272 289 301 302 313 318 322 323 327 335 337 338 339 345 356 361 372 377 378 390 398 420 426 429 442 448 451 456 493 495 
47 13 15 19 21 40 48 53 76 87 96 100 128 192 196 200 205 206 229 230 234 237 241 251 269 275 276 280 287 298 299 327 340 352 360 363 369 374 380 383 411 413 425 461 477 478 485 487 
53 5 6 9 12 14 19 25 28 36 46 57 58 83 88 99 111 114 128 139 144 151 164 181 184 205 232 243 248 253 255 261 278 282 283 330 337 342 343 344 349 356 376 383 397 419 452 455 460 462 478 481 487 491 
44 15 64 85 90 107 144 149 151 155 169 185 189 196 200 213 215 218 238 243 247 250 252 261 271 274 285 286 308 309 320 321 334 362 375 395 410 411 412 416 417 418 434 491 497 
50 10 44 56 58 66 77 78 83 91 94 110 112 127 136 138 147 149 155 158 160 170 194 199 203 215 242 255 263 264 268 275 282 284 289 318 345 347 352 356 361 375 390 404 417 433 444 446 456 479 483 
52 10 16 19 32 40 69 78 84 90 102 111 116 119 123 148 152 166 192 201 210 219 220 223 228 230 234 241 247 250 252 257 273 279 297 312 319 320 354 356 372 373 389 400 403 414 419 441 479 482 483 489 497 
38 2 9 11 15 16 35 41 68 73 74 91 122 130 140 157 166 192 198 215 243 261 262 305 313 325 327 329 343 354 388 406 412 421 433 444 472 481 499 
60 15 38 48 80 82 92 104 117 122 130 133 141 142 158 170 175 186 189 190 205 221 223 229 233 236 244 245 249 274 276 290 295 296 313 315 320 321 339 344 349 352 361 363 367 381 387 393 395 398 412 416 435 448 465 471 472 483 492 498 499 
65 2 10 14 15 24 32 34 42 53 58 69 76 79 80 91 95 116 127 135 146 150 154 157 162 169 178 179 203 215 227 230 243 247 256 269 271 273 275 280 306 310 322 323 324 340 352 355 356 358 359 366 375 377 389 401 402 414 420 422 426 439 460 468 486 499 
47 7 12 21 39 45 47 55 57 100 105 111 129 147 148 159 172 187 210 216 219 239 245 266 271 286 299 300 326 338 347 361 362 371 386 387 391 414 417 432 434 436 437 469 478 494 499 500 
47 2 10 14 45 108 110 136 145 146 156 166 182 187 188 196 204 209 211 221 225 231 233 245 282 284 285 286 319 324 333 338 348 352 357 365 366 369 371 378 380 400 410 427 449 464 488 499 
57 4 10 15 23 30 49 50 52 70 91 96 118 120 131 156 160 161 179 185 196 230 247 257 259 264 268 285 290 291 295 303 308 333 335 346 351 353 365 387 399 400 401 421 446 450 458 462 467 469 473 476 485 486 489 490 493 495 
53 2 4 12 13 16 49 62 68 70 84 85 91 94 98 117 143 149 150 170 189 194 196 203 211 215 216 218 228 236 252 265 280 282 283 295 301 302 310 313 338 340 341 344 354 360 362 382 384 395 407 447 467 497 
58 6 27 32 38 61 97 102 109 111 112 118 119 120 134 143 145 162 168 170 171 189 194 197 206 218 225 227 228 246 249 254 265 269 292 315 320 322 323 328 336 342 361 362 363 365 380 382 384 395 403 414 415 438 458 466 469 485 498 
49 21 41 48 53 55 58 63 96 107 115 131 137 143 146 150 154 163 177 202 205 208 224 230 233 241 254 271 280 284 290 291 292 305 317 329 340 355 370 402 407 411 425 433 443 447 449 453 456 486 
62 4 7 9 20 32 36 49 53 59 67 69 85 113 116 117 119 130 133 134 141 144 147 162 163 168 183 191 194 204 209 213 217 219 220 222 227 229 233 256 274 276 294 297 298 318 325 328 330 353 356 366 379 400 404 413 415 422 423 431 437 443 483 
43 5 15 20 29 30 36 43 46 50 52 69 91 97 99 111 119 125 145 157 160 167 187 204 216 218 231 242 266 292 324 343 359 372 377 382 420 428 446 461 467 486 495 498 
55 4 6 13 16 20 41 43 55 57 60 80 85 95 97 110 116 117 131 133 135 154 165 169 189 213 217 218 266 278 291 299 301 302 307 330 333 335 336 362 374 375 385 391 407 412 418 419 436 444 450 451 471 488 492 494 
60 9 11 18 20 26 40 54 57 58 66 77 79 86 88 91 98 102 109 125 131 134 160 175 176 184 193 203 206 218 225 237 238 240 258 264 269 272 278 289 307 323 326 340 351 361 370 375 382 384 390 403 412 415 432 451 453 470 490 494 496 
47 9 14 18 44 48 72 75 80 82 95 102 121 135 140 143 153 163 166 173 180 209 222 231 237 241 245 246 261 267 293 299 307 314 316 318 375 387 394 399 405 424 437 449 471 482 488 495 
51 2 8 12 36 39 40 46 65 78 79 83 86 94 101 132 137 142 165 171 190 194 197 210 245 246 247 264 265 270 283 285 291 298 301 311 318 329 362 364 371 377 383 386 391 424 430 442 446 469 479 487 
47 8 9 11 21 24 25 26 34 49 52 55 70 76 84 103 127 157 181 185 188 236 243 245 249 257 259 278 282 330 353 364 365 371 379 394 409 434 439 444 445 456 463 469 484 487 496 497 
48 13 35 45 55 56 60 64 74 161 162 173 182 187 202 215 218 237 254 260 274 276 289 301 302 313 314 325 330 333 358 359 361 365 380 391 403 408 416 418 446 449 451 470 473 480 486 491 498 
38 5 8 9 11 55 81 91 113 159 182 202 203 204 219 221 228 254 258 265 281 285 287 298 309 314 330 337 344 346 421 440 443 453 459 470 483 498 500 
55 1 36 47 52 57 60 63 81 99 105 120 125 133 136 145 155 157 168 178 183 186 191 202 204 205 215 240 253 258 264 281 282 287 314 326 327 333 344 347 374 390 395 402 405 412 413 418 421 423 428 435 448 461 471 499 
50 6 24 30 34 56 62 74 84 88 121 125 127 153 155 156 158 159 167 168 187 190 191 196 199 213 226 233 243 247 256 282 316 322 327 343 352 366 370 392 394 397 399 427 436 440 441 447 484 485 489 
61 6 12 21 22 27 32 45 46 59 60 69 72 73 76 85 89 100 103 149 159 167 178 181 187 190 191 202 210 220 227 232 238 247 252 264 268 280 282 283 297 304 305 317 319 324 329 364 379 384 386 392 395 396 398 405 410 431 476 480 494 498 
51 6 13 15 22 24 28 37 46 56 60 64 66 71 74 77 84 88 91 96 118 145 151 172 180 181 207 210 213 214 219 228 239 247 248 254 281 317 323 344 345 359 367 394 411 432 434 441 445 448 470 471 
46 21 22 23 27 32 43 44 53 64 79 96 115 124 127 155 158 221 230 236 251 259 266 268 274 278 293 309 349 376 382 383 390 392 395 408 429 436 444 448 456 468 471 473 486 496 498 
47 3 20 28 35 39 52 80 106 107 114 122 135 138 150 153 160 169 179 186 203 204 208 218 223 231 243 254 262 268 269 280 308 312 320 333 372 373 385 392 409 413 425 430 439 475 481 487 
46 15 24 28 33 35 45 49 54 77 96 98 102 107 112 128 142 156 159 167 169 176 186 189 198 242 256 297 304 305 310 320 354 365 369 371 387 399 402 431 461 463 465 467 476 478 483 
57 11 20 38 42 55 56 63 76 77 95 105 108 109 111 113 119 120 131 142 156 164 172 173 181 185 190 210 238 241 250 265 282 288 299 304 315 324 333 337 341 343 346 351 370 382 387 394 397 403 405 411 433 447 458 469 484 496 
56 2 11 14 32 47 84 95 125 131 132 138 143 150 168 173 186 202 211 227 228 237 243 265 266 268 281 286 288 291 297 300 314 317 323 326 335 339 340 352 358 362 385 390 400 402 430 436 438 445 449 456 460 467 472 474 480 
57 2 5 8 9 25 35 37 50 59 60 70 77 80 92 125 128 134 136 137 153 156 159 186 197 198 236 239 248 255 271 281 299 300 302 313 333 337 354 382 384 385 386 396 404 417 424 425 427 428 436 437 443 458 460 474 484 498 
73 5 17 18 38 44 48 50 60 65 66 67 87 88 94 95 97 98 102 111 117 124 133 135 144 153 162 171 200 205 211 225 234 241 245 247 261 262 265 269 271 281 286 299 302 306 313 320 328 334 337 339 341 344 346 359 379 384 385 387 389 402 404 438 441 442 447 448 452 466 467 476 479 481 
49 8 34 41 47 63 66 68 75 78 87 96 106 110 114 125 127 140 151 155 158 168 175 177 190 191 211 241 263 276 293 304 307 319 323 327 336 348 357 381 391 415 443 446 458 462 473 481 490 493 
70 28 37 41 47 70 72 80 81 85 86 87 88 93 116 119 121 124 125 126 127 130 143 156 168 175 177 183 191 196 199 203 206 215 230 236 241 243 253 256 257 262 266 278 286 294 297 310 317 322 323 324 339 340 357 363 374 377 378 382 383 392 393 405 408 412 415 421 429 480 498 
56 6 14 15 33 41 47 48 65 78 87 93 94 125 127 135 161 190 202 225 230 233 240 251 254 273 280 283 296 301 304 314 315 329 330 331 332 335 341 364 373 376 382 391 398 400 405 412 417 421 439 461 476 486 492 497 499 
45 13 35 36 56 78 82 83 85 107 118 130 140 147 156 168 177 185 194 201 213 216 221 224 233 248 251 275 286 288 299 327 330 334 368 403 405 409 426 445 454 457 467 470 477 500 
46 23 24 28 36 47 61 69 79 81 103 117 142 193 207 208 209 210 214 232 235 240 255 256 277 285 288 289 294 295 301 303 310 342 343 353 356 365 395 402 405 420 421 434 442 480 490 
50 32 47 57 61 66 67 83 102 112 119 124 125 135 138 140 143 163 167 173 190 200 219 238 256 267 269 270 272 281 282 288 291 315 333 334 343 356 380 384 386 390 398 429 431 438 453 458 489 494 498 
50 3 8 9 23 43 50 52 72 73 76 78 82 95 106 109 122 146 156 158 169 180 186 189 191 202 210 213 250 253 272 289 295 298 330 351 359 379 382 389 411 412 414 428 447 461 473 475 478 480 493 
44 11 66 70 86 105 107 134 148 173 207 208 209 229 231 254 266 287 293 314 317 319 324 325 329 335 357 360 373 380 381 385 388 389 393 394 397 405 412 414 426 451 455 482 486 
52 10 20 24 36 41 63 65 72 80 86 101 104 120 150 158 166 171 176 194 197 199 202 207 213 216 220 240 244 248 249 254 261 268 288 294 299 311 315 317 321 343 361 379 381 408 413 445 449 454 481 490 495 
48 3 4 20 36 37 42 50 54 59 67 88 129 139 144 150 163 165 169 176 185 187 208 227 253 272 282 287 312 320 322 329 332 342 362 375 376 389 395 401 416 435 441 442 450 463 466 490 492 
44 9 33 39 56 65 79 92 101 103 110 126 127 154 202 213 222 227 231 233 245 256 266 270 272 304 311 320 322 326 334 337 345 369 374 382 386 390 402 416 418 424 429 465 475 
