100 500
38 8 13 15 28 31 44 45 87 98 136 153 158 162 175 181 182 184 188 190 193 198 199 228 230 262 272 282 286 288 305 307 324 325 341 343 382 392 464 
41 21 26 55 65 85 88 90 95 96 100 109 138 146 148 162 174 178 218 223 235 284 316 328 335 337 358 379 392 396 409 416 419 421 441 448 455 465 474 478 487 490 
56 30 32 52 68 70 86 91 96 99 101 110 134 146 156 160 183 188 191 198 216 218 219 222 239 245 248 258 265 273 274 275 285 290 301 302 305 306 317 326 330 331 333 334 336 337 338 380 381 388 403 405 409 417 421 468 492 
52 11 12 13 17 21 32 33 50 54 69 74 92 109 111 123 139 142 144 150 159 167 170 207 213 218 222 233 235 242 256 299 309 318 321 328 331 362 367 377 381 384 386 395 398 420 427 452 454 463 465 468 488 
45 3 14 18 23 38 51 54 72 99 108 110 118 120 127 130 132 138 141 151 185 199 221 238 261 264 309 323 324 332 340 345 351 354 362 369 424 430 432 438 439 459 460 463 484 497 
56 9 17 23 34 58 59 70 72 80 86 87 92 108 112 124 131 132 135 146 149 154 158 160 164 173 177 180 197 221 244 246 250 254 264 266 269 274 304 324 353 359 374 377 379 395 404 405 411 421 422 455 462 464 470 490 491 
50 5 9 26 39 48 50 54 62 78 82 85 113 114 118 145 150 151 178 181 189 193 200 230 240 250 252 255 272 274 276 281 290 296 303 310 339 356 374 375 383 390 398 419 434 438 478 484 485 488 489 
49 5 10 14 31 49 69 82 109 135 143 149 155 173 177 180 185 194 210 218 234 250 252 254 268 277 284 290 295 296 299 310 315 317 337 361 362 365 382 404 409 410 411 414 444 454 477 482 485 496 
44 5 8 25 66 69 81 87 126 136 138 149 165 178 186 197 258 261 283 301 304 306 337 344 346 347 353 354 360 365 368 370 378 394 398 401 404 417 429 432 435 442 461 475 478 
49 6 8 19 51 59 61 63 78 82 91 94 98 120 141 143 144 145 153 177 181 182 184 190 210 213 215 223 231 242 259 262 267 274 296 313 320 325 333 335 341 375 376 377 380 392 454 484 492 499 
47 13 18 19 35 40 57 60 78 96 101 106 115 116 128 145 158 167 173 174 202 207 232 257 259 268 269 273 284 293 344 363 364 372 373 375 378 384 396 397 405 406 407 409 424 443 474 484 
53 7 8 9 25 32 33 57 61 64 83 94 104 118 128 133 138 140 149 152 163 175 191 200 203 206 207 232 233 235 238 246 261 264 269 282 296 328 329 344 348 350 353 355 366 372 384 394 397 408 416 444 447 490 
43 6 33 39 44 49 50 98 107 130 131 145 156 163 170 195 207 221 238 250 255 268 273 275 282 290 298 318 342 350 355 378 381 396 415 421 422 439 441 459 460 479 480 484 
53 5 44 48 72 74 80 90 97 104 112 130 147 150 168 172 178 181 200 206 208 233 239 248 255 258 260 289 333 351 354 356 367 371 376 379 382 386 399 404 431 434 436 443 450 451 471 473 474 480 489 490 498 499 
51 2 9 13 33 37 40 41 46 57 60 70 82 97 113 114 133 134 152 153 160 161 191 200 206 216 219 222 228 231 238 256 257 259 283 313 318 323 342 348 371 378 383 391 397 403 413 429 431 435 445 490 
52 11 12 19 26 31 33 35 41 53 54 57 66 98 100 166 180 181 186 191 196 201 205 211 225 226 238 255 256 262 265 268 270 293 308 315 325 347 351 353 356 357 365 432 466 469 475 482 484 485 487 489 499 
52 5 41 42 48 50 64 65 112 113 117 118 120 130 146 162 170 178 182 188 189 205 206 244 261 277 279 289 294 298 319 331 334 340 363 379 390 394 395 397 401 407 410 413 424 429 432 447 460 463 468 485 491 
45 2 6 7 11 15 21 63 70 108 130 131 144 174 181 186 209 212 223 236 245 263 284 295 305 307 308 318 343 345 354 355 359 362 367 387 388 394 399 413 422 447 463 467 472 495 
54 9 19 26 30 35 48 55 59 69 71 75 79 92 98 105 111 121 133 134 156 173 184 192 211 235 240 288 293 325 341 345 369 370 372 375 386 395 397 400 404 408 409 425 427 430 436 439 443 450 451 462 470 479 497 
49 20 41 43 46 59 87 90 93 128 131 139 146 157 161 171 173 174 191 200 221 244 251 260 261 274 297 304 306 307 319 323 326 347 350 358 364 374 380 387 388 395 400 406 421 429 430 452 471 472 
50 30 31 52 53 59 69 71 87 96 121 125 140 141 149 164 176 177 179 193 195 209 229 231 235 263 278 304 321 323 328 330 333 338 349 371 383 396 424 431 437 438 439 452 455 459 462 472 473 475 489 
51 2 3 6 12 25 38 46 47 57 83 92 97 106 135 147 149 152 153 157 187 193 202 211 241 245 246 256 279 297 302 314 334 342 345 350 357 376 392 395 397 412 423 427 439 440 443 454 459 463 475 480 
50 15 27 28 61 80 103 107 109 121 125 126 127 128 145 147 161 187 188 191 196 203 209 212 234 245 248 256 278 292 294 295 305 312 314 356 359 361 377 406 413 436 441 449 450 455 468 485 491 494 498 
52 5 10 14 26 27 29 30 32 38 51 99 110 116 139 140 141 179 189 195 205 207 209 219 251 270 274 283 289 291 292 304 307 308 320 329 347 363 392 400 404 408 420 423 425 433 441 446 461 464 484 496 499 
59 14 18 25 52 54 59 63 68 86 87 111 112 117 119 124 126 131 133 135 144 150 161 164 174 190 195 206 216 222 230 255 266 282 285 289 302 311 317 320 326 346 353 361 365 371 381 382 399 402 424 428 432 441 447 461 484 495 498 500 
40 7 8 23 32 47 53 58 60 63 111 127 135 145 149 174 178 225 227 237 250 252 264 282 288 292 295 298 300 327 333 369 372 374 382 384 411 429 440 448 500 
48 4 12 25 44 45 55 59 72 77 112 127 139 144 152 154 170 171 172 179 196 197 203 210 216 219 228 229 230 254 267 291 302 314 316 332 334 372 377 397 421 429 437 442 463 464 487 496 498 
37 10 18 28 41 77 105 108 114 123 131 140 179 185 214 242 247 251 283 284 293 307 309 311 315 324 329 333 344 350 364 400 418 424 475 485 491 493 
44 6 21 42 58 85 91 105 113 116 118 123 126 139 140 152 161 186 192 196 203 210 214 217 259 268 272 298 305 327 346 371 378 392 396 408 410 432 440 444 446 460 461 463 497 
51 3 6 11 19 29 35 48 60 67 86 90 94 96 119 126 137 142 144 179 190 207 210 215 220 222 228 237 252 265 271 278 287 296 314 316 342 345 370 372 385 391 398 410 415 422 424 438 480 495 496 499 
43 10 14 37 40 46 56 82 86 87 92 103 117 158 167 171 180 186 190 255 258 259 267 268 269 275 280 285 302 329 331 332 345 377 422 423 427 430 436 446 450 469 485 490 
45 22 23 34 36 45 52 57 76 82 127 136 147 150 158 164 167 169 170 177 179 201 217 232 258 264 272 299 302 328 337 350 355 357 367 368 374 380 384 416 420 448 461 471 479 489 
61 18 27 31 42 44 46 47 66 67 71 72 99 102 113 118 119 122 129 135 136 146 149 161 169 171 172 181 213 214 232 240 255 280 288 289 299 301 303 308 309 310 311 316 332 342 355 381 406 411 419 422 433 434 435 437 444 449 461 467 476 490 
50 23 24 38 48 56 71 84 86 87 100 111 123 127 133 146 167 183 196 206 225 249 251 255 257 259 267 269 273 277 295 306 357 361 365 369 376 382 388 395 401 405 420 427 431 437 463 485 486 492 497 
49 1 13 19 28 31 35 61 71 87 119 120 139 149 159 163 182 185 191 194 204 205 213 235 240 254 275 289 297 308 317 321 349 352 356 357 362 363 373 375 377 386 392 419 436 438 442 443 457 498 
54 5 14 20 45 59 80 82 96 100 110 112 113 118 127 147 148 177 179 185 194 201 206 225 239 244 245 268 269 283 291 294 303 326 335 340 343 349 361 368 377 379 381 404 411 415 430 444 450 458 459 472 484 489 499 
40 13 25 40 66 91 92 95 97 112 142 156 180 183 194 202 214 224 225 229 239 257 261 271 275 295 309 329 347 356 358 365 382 384 387 406 421 431 445 458 459 
60 4 11 23 29 43 44 50 79 84 117 133 135 139 143 145 148 162 171 204 216 217 226 249 254 257 263 265 277 282 285 287 288 329 332 334 342 347 351 353 357 359 369 377 379 386 396 398 411 413 420 423 433 451 456 465 481 485 486 494 499 
51 24 29 38 49 56 61 63 73 111 117 122 137 141 162 172 180 182 192 198 210 221 234 239 258 262 285 306 309 315 320 325 330 333 334 337 359 369 376 384 397 400 401 406 413 418 425 438 443 466 485 493 
59 13 19 26 33 62 68 83 87 104 114 120 124 127 171 181 183 185 193 194 202 206 213 217 223 226 231 236 244 249 264 265 267 274 281 285 290 296 297 308 321 325 327 328 331 346 348 378 399 412 418 425 433 439 444 451 483 488 493 495 
50 14 17 31 39 40 42 45 48 72 94 97 124 125 128 130 139 143 152 162 172 175 182 201 202 217 225 228 240 271 273 285 287 294 322 325 335 336 357 359 380 400 428 429 431 435 437 443 458 470 476 
50 19 24 30 35 51 52 65 77 86 91 93 114 131 163 172 180 191 192 209 216 223 238 260 271 308 313 317 327 334 336 339 340 352 359 364 368 371 380 383 394 396 403 417 430 440 458 461 473 474 487 
44 7 19 49 50 54 81 92 98 107 122 153 161 169 182 196 198 202 210 215 238 245 248 258 267 273 306 324 329 350 370 380 384 389 391 426 431 434 440 449 453 455 459 462 488 
60 5 9 11 13 28 32 33 34 36 41 45 46 55 60 63 66 74 76 77 90 97 108 113 117 138 139 140 150 151 153 162 172 174 183 186 195 200 203 212 219 272 274 283 289 316 320 342 369 380 394 409 428 451 457 462 470 472 485 488 489 
68 12 13 16 18 34 54 80 91 92 94 100 104 106 129 134 137 140 142 148 163 167 185 192 193 204 206 219 221 227 235 236 238 253 257 265 267 273 296 299 303 310 321 324 327 330 345 347 350 352 354 355 368 382 387 389 400 401 415 418 428 450 472 475 483 484 485 494 496 
47 5 12 23 41 42 52 78 84 85 101 103 108 110 118 124 137 145 171 173 175 177 179 197 201 215 223 231 244 257 258 263 277 285 318 322 356 357 376 407 410 412 424 425 429 447 449 461 
45 49 58 65 68 73 75 82 92 94 99 139 144 166 172 175 176 182 199 200 207 220 227 230 240 242 247 286 302 321 331 354 355 361 373 391 403 431 444 448 450 454 459 466 483 488 
50 38 52 57 60 67 82 88 96 107 118 144 155 165 176 179 193 196 207 210 216 217 218 219 247 250 251 252 256 259 265 275 293 296 297 314 324 326 338 341 348 381 398 399 406 414 428 432 449 459 489 
43 10 51 66 80 85 86 87 94 97 98 108 118 132 133 134 141 153 183 199 211 214 218 257 258 321 333 335 351 371 377 396 398 424 425 427 437 444 454 469 471 479 486 498 
47 3 25 26 29 34 39 46 48 51 58 83 84 93 100 111 130 134 156 167 174 179 180 184 192 201 219 227 229 240 254 258 280 284 305 333 336 341 348 354 378 392 436 448 457 475 490 495 
44 6 31 34 38 40 82 96 107 118 137 156 164 166 185 205 232 250 255 266 267 288 293 301 302 306 310 313 314 318 323 335 339 343 373 384 387 397 406 419 428 452 489 494 497 
50 3 22 25 27 32 37 45 47 59 64 81 82 94 96 103 123 128 168 185 192 200 203 211 227 232 252 257 259 269 271 301 322 337 339 354 379 380 383 400 410 412 448 466 472 478 480 486 488 499 500 
45 3 7 37 58 67 71 87 91 100 118 132 145 153 160 166 169 186 191 226 239 251 255 264 271 274 275 285 296 302 307 309 318 319 332 333 343 377 378 410 417 420 426 466 467 472 
38 2 46 59 77 80 81 92 132 137 153 159 171 186 191 196 206 210 228 236 272 277 297 322 356 362 378 383 394 405 421 434 445 448 464 487 489 491 496 
50 12 13 19 26 28 32 51 53 66 87 107 112 162 165 167 169 172 173 188 212 213 221 232 233 245 278 283 285 294 302 307 308 317 324 325 330 333 335 338 381 386 391 396 404 425 446 455 456 485 500 
61 6 18 23 46 49 58 76 77 80 82 106 110 111 112 120 123 127 135 145 153 155 158 160 170 181 184 197 202 203 217 218 223 230 233 239 275 280 281 291 292 301 302 311 325 329 332 349 351 353 372 374 376 383 409 418 428 453 476 481 483 496 
57 2 19 22 28 30 52 74 82 90 111 116 133 156 163 169 175 179 181 183 186 216 218 220 228 233 235 251 262 269 279 284 288 306 307 311 314 322 325 344 364 365 393 395 396 401 412 414 431 437 457 459 462 481 487 490 493 500 
48 36 42 60 65 69 70 74 91 104 106 108 112 126 141 153 155 167 179 188 195 198 202 204 219 234 239 277 281 291 330 334 340 348 355 376 394 400 405 409 410 411 417 443 445 452 472 475 492 
59 1 10 13 19 20 21 23 24 28 53 57 70 88 102 104 127 134 145 150 155 158 175 176 191 192 199 216 221 223 229 234 271 281 293 307 325 338 344 350 355 356 361 367 374 376 383 385 386 391 411 414 431 439 442 446 460 471 491 498 
53 9 31 35 47 48 77 109 134 136 145 154 175 189 190 207 211 213 219 243 255 263 265 291 294 302 305 314 330 338 350 357 366 378 387 406 409 411 415 429 432 436 443 446 451 452 453 464 471 474 478 491 492 497 
45 24 29 31 40 70 75 80 88 95 99 102 103 127 170 175 187 190 191 196 210 229 235 250 259 262 263 266 277 300 306 316 332 369 374 379 389 406 419 422 439 444 468 475 477 498 
49 7 30 34 40 48 84 85 94 95 98 102 107 121 124 131 145 156 157 164 166 170 182 220 232 240 244 250 261 291 297 303 307 316 327 332 381 389 396 417 418 420 438 444 458 459 468 486 489 493 
60 2 4 20 36 37 64 67 69 88 89 101 126 137 146 148 156 165 168 181 200 202 205 208 214 219 224 231 252 255 272 288 289 292 298 309 330 332 340 343 348 350 355 370 385 391 392 411 413 416 425 428 433 438 441 452 471 479 480 483 498 
50 5 11 15 17 48 64 74 75 93 94 98 104 130 137 177 191 204 215 217 229 233 248 260 268 271 281 286 289 295 308 313 314 318 350 365 383 387 392 403 417 419 421 423 428 434 446 460 464 469 476 
47 1 14 27 33 39 54 55 64 68 73 80 129 134 136 150 159 166 169 180 195 214 250 264 271 279 285 293 294 305 308 379 390 396 398 412 413 418 421 426 442 446 449 453 464 475 486 493 
52 3 6 14 49 53 69 77 78 79 80 116 122 126 131 172 179 185 195 204 205 212 224 245 248 257 264 273 296 299 300 303 311 313 315 325 340 360 362 363 375 390 393 401 411 419 421 427 437 448 454 489 490 
52 12 44 47 51 56 59 93 103 119 132 143 178 181 183 189 190 201 213 218 244 262 265 278 280 282 287 301 306 309 317 324 327 336 345 348 374 375 380 401 412 417 423 434 442 447 451 454 460 471 479 480 482 
58 1 10 15 19 26 30 32 51 57 63 72 83 84 118 134 165 175 177 179 184 197 198 223 224 237 260 264 267 273 283 290 306 319 327 339 341 343 348 350 351 356 357 363 388 389 399 427 429 430 439 450 453 466 467 470 490 496 500 
58 9 11 28 31 51 58 63 72 77 83 88 102 113 118 136 137 144 151 173 186 187 193 217 219 225 226 242 243 245 248 252 268 270 273 276 280 283 300 321 334 340 353 358 359 360 375 386 389 399 405 430 442 455 457 458 461 482 491 
56 9 10 22 58 76 90 106 110 136 146 158 180 184 207 213 219 220 222 233 234 236 238 242 255 257 260 262 271 272 314 324 325 343 347 353 356 366 376 379 411 419 426 427 435 443 452 454 457 460 472 476 489 490 492 494 499 
49 12 16 37 38 40 54 70 77 81 91 94 116 124 131 132 174 188 194 212 216 219 223 228 229 233 259 265 305 314 320 334 346 348 349 350 356 361 365 382 390 394 407 417 447 452 457 461 487 500 
46 5 16 23 47 48 57 70 71 72 75 78 98 101 109 110 114 115 124 131 139 144 145 198 209 213 222 225 245 267 268 296 305 313 333 336 342 344 351 393 451 464 470 473 475 484 487 
46 9 14 31 39 50 58 71 78 81 87 91 97 104 125 128 143 183 188 220 227 250 255 259 284 285 289 301 304 316 343 346 356 360 369 370 375 384 400 417 444 451 459 477 480 488 496 
34 14 22 26 38 44 67 74 98 105 113 117 132 183 194 198 205 211 217 238 255 280 299 303 314 380 390 397 403 433 443 445 484 488 497 
41 3 27 41 51 86 97 108 114 117 134 151 157 160 172 194 195 219 239 249 265 278 279 286 293 296 299 311 319 331 346 357 370 375 382 421 427 440 464 468 471 478 
46 2 15 19 47 50 61 68 78 82 111 117 129 137 143 154 163 183 188 204 218 219 256 257 266 290 294 295 297 310 317 331 333 334 372 395 399 415 418 433 434 458 479 482 484 494 499 
65 7 8 23 25 42 49 69 74 75 76 83 87 104 127 133 134 135 148 152 165 167 169 175 181 182 186 188 189 191 200 242 244 254 262 264 271 272 275 292 294 295 298 329 330 336 352 365 380 397 402 410 417 425 437 438 441 443 451 460 461 473 486 491 496 500 
63 1 4 23 29 32 33 35 36 45 71 82 123 124 150 163 167 171 176 182 191 198 210 213 216 221 225 234 236 237 248 250 260 262 271 277 282 289 293 305 307 308 311 314 338 357 358 366 367 369 378 383 391 405 413 418 425 435 443 447 457 474 480 497 
54 11 26 32 44 45 50 70 86 88 108 137 169 181 185 200 209 212 228 231 247 248 252 254 261 275 276 278 280 283 286 293 299 314 327 330 340 348 352 360 373 381 385 394 398 403 419 448 452 471 472 481 485 493 499 
59 2 23 37 52 58 60 72 75 88 91 97 101 121 127 149 151 152 168 171 173 174 186 206 209 215 216 217 223 255 262 266 267 270 274 285 298 301 320 327 339 352 374 376 384 385 390 394 401 413 416 419 428 430 454 477 486 493 494 499 
51 16 22 24 25 32 50 53 56 69 72 80 95 111 113 124 128 133 134 140 145 157 169 178 182 203 219 223 224 232 239 245 263 280 293 330 332 336 352 357 358 371 391 406 412 416 431 432 451 457 483 493 
47 13 24 56 81 86 92 102 119 120 123 125 137 163 169 177 183 201 212 219 226 263 265 266 289 291 309 325 348 350 356 361 371 373 374 383 386 396 401 406 411 426 428 437 448 457 461 470 
47 6 15 32 33 34 37 38 52 53 85 117 118 124 129 146 149 150 159 166 208 209 216 242 257 261 264 269 270 282 329 330 335 339 352 353 377 379 397 403 410 414 416 420 459 476 485 487 
51 2 30 33 47 51 91 96 97 112 131 136 152 153 171 175 198 199 211 213 225 234 250 273 278 279 281 311 318 323 327 332 335 340 379 388 407 410 424 436 441 443 451 452 454 455 460 471 474 484 492 500 
56 28 29 30 31 36 41 54 64 67 69 76 81 90 98 107 111 114 134 138 154 164 170 180 184 186 223 227 236 242 247 256 263 275 278 301 302 311 319 324 326 341 342 343 361 364 374 384 406 422 440 444 465 476 478 490 495 
45 15 19 27 34 39 41 50 68 84 97 113 121 132 134 141 142 143 151 157 158 173 177 181 196 202 235 238 246 251 255 267 276 278 289 294 316 379 383 401 411 433 440 463 472 480 
52 9 14 25 27 37 38 45 47 55 79 81 97 100 104 106 119 122 126 139 148 171 193 210 219 239 254 263 281 285 302 303 305 311 323 326 352 368 370 375 392 411 448 453 454 456 457 466 476 479 486 491 493 
65 7 10 21 24 28 42 46 61 72 75 76 79 97 112 145 148 149 158 165 171 183 187 196 206 208 219 225 231 232 238 242 245 247 254 259 262 288 296 301 305 314 316 334 347 368 371 385 388 400 406 407 411 413 416 418 424 441 444 445 458 464 477 492 494 496 
40 3 18 34 69 85 87 94 99 117 131 135 176 181 191 209 212 225 226 244 264 289 297 298 303 343 347 361 369 401 426 443 452 456 460 472 480 482 492 493 494 
52 21 22 24 25 26 46 48 58 65 91 97 115 126 133 141 158 159 168 172 182 192 198 207 218 226 229 230 245 249 264 268 274 277 280 282 301 312 315 317 350 375 384 393 408 417 432 448 450 467 471 473 493 
41 3 16 26 41 105 106 110 115 130 172 177 189 190 225 231 246 254 265 266 269 271 278 281 289 299 304 323 329 356 361 369 384 392 398 402 439 445 462 469 480 498 
50 3 21 36 38 61 73 80 90 100 101 109 119 134 169 171 182 194 205 213 214 221 222 225 235 237 240 244 248 249 265 267 270 276 285 297 312 319 348 351 354 359 364 367 384 400 422 471 477 482 491 
57 14 18 23 29 31 36 56 65 66 76 78 109 131 141 163 167 170 179 184 212 215 255 266 269 278 282 287 294 296 297 306 330 333 353 355 359 365 371 388 392 394 406 408 411 412 416 419 420 421 426 431 435 446 453 471 478 488 
65 1 10 20 24 29 32 40 41 78 79 91 98 99 100 103 118 126 133 147 152 162 176 186 191 200 215 230 242 244 263 267 295 296 306 311 315 316 321 330 336 358 359 360 361 365 371 372 380 387 390 393 395 403 406 413 415 418 428 431 433 440 454 456 459 467 
51 12 23 24 39 50 59 62 64 71 72 78 81 90 93 94 100 103 108 122 125 142 146 149 164 172 174 183 186 187 197 247 279 315 343 344 349 356 373 384 398 419 430 442 443 450 467 478 481 487 491 493 
51 5 15 18 79 81 103 104 115 121 128 132 135 156 159 161 163 187 200 208 212 215 218 226 230 233 237 269 279 282 284 290 292 295 302 306 313 326 330 333 335 344 355 356 370 396 405 414 426 455 473 476 
48 2 25 26 38 40 42 51 59 93 100 113 117 136 148 186 188 195 206 220 227 231 259 269 294 299 303 312 323 324 326 332 339 345 366 368 373 376 383 394 397 398 406 422 425 428 435 462 485 
46 9 12 43 50 52 97 99 101 110 111 115 119 120 137 138 141 155 181 188 195 197 205 210 218 232 264 265 268 280 287 288 313 333 351 366 370 372 376 397 398 399 437 443 452 461 466 
53 21 30 31 36 40 44 60 69 70 72 76 82 92 99 113 115 135 142 148 155 159 173 188 193 198 201 204 208 224 226 269 281 309 312 320 328 330 332 333 344 348 353 371 378 396 435 436 442 445 478 481 483 499 
51 3 10 16 32 42 51 66 76 122 129 131 135 141 152 154 159 161 175 210 221 235 237 241 245 260 267 270 278 296 321 328 333 344 353 357 363 378 399 413 415 422 424 425 450 457 467 475 476 481 496 500 
