100 500
48 9 39 41 47 53 59 93 102 107 112 118 142 144 164 176 178 184 196 211 219 222 280 289 294 297 302 322 337 364 371 375 377 387 388 393 407 409 419 432 437 440 455 460 467 481 492 495 499 
59 16 17 27 30 43 44 47 56 70 80 87 99 112 115 118 125 134 135 142 153 172 187 188 189 192 200 213 219 221 237 240 255 266 267 306 308 342 346 359 376 380 386 389 391 396 401 402 406 416 441 443 446 451 468 481 487 493 495 500 
63 6 25 40 44 47 51 59 63 86 119 120 123 131 134 140 153 169 170 184 188 195 204 206 208 213 219 221 230 234 235 237 241 245 247 250 251 258 282 284 293 297 308 351 355 358 360 370 376 382 388 391 393 404 407 418 432 435 441 444 456 464 477 485 
55 5 8 9 13 28 33 45 46 47 67 69 88 99 109 129 131 153 181 182 198 204 223 231 233 237 243 251 252 272 274 283 291 292 293 297 309 310 321 324 333 348 350 376 377 391 404 407 409 413 419 421 479 481 486 491 
50 32 33 35 55 70 71 72 75 83 86 88 106 145 175 192 193 199 244 247 258 260 263 268 274 284 294 322 325 335 344 345 363 366 370 372 375 383 384 389 400 403 406 415 416 426 442 451 460 461 479 
54 3 5 9 10 12 15 19 20 21 29 35 49 50 52 54 59 70 74 83 84 100 109 120 139 141 152 167 170 199 203 227 230 242 269 311 313 314 334 344 356 372 376 380 386 395 406 410 433 456 473 474 480 483 495 
40 39 44 51 62 78 88 103 110 121 125 129 163 172 190 199 200 203 222 227 228 231 236 241 271 286 292 311 326 351 358 381 383 405 406 411 429 463 473 490 499 
62 3 7 22 25 36 37 47 84 93 95 97 100 106 117 120 139 159 172 174 179 183 200 201 206 215 220 229 232 233 262 274 308 310 315 321 329 336 338 341 348 359 376 382 394 396 398 403 408 424 426 427 429 435 445 464 465 473 476 479 488 493 496 
54 24 27 33 41 49 50 51 52 55 59 75 94 97 99 101 169 170 209 211 220 222 235 241 245 252 259 261 267 274 278 296 307 315 325 331 337 339 345 348 360 361 362 364 388 391 426 445 450 452 457 461 468 484 486 
51 2 17 31 47 72 77 85 88 99 112 113 116 119 132 135 140 153 158 172 187 199 200 207 220 222 224 234 248 280 281 285 300 363 369 377 378 404 411 417 424 431 436 440 444 455 468 471 472 479 490 495 
48 3 23 31 46 50 65 79 90 101 107 110 117 121 126 172 177 189 192 201 213 227 230 237 243 255 258 261 308 323 340 343 358 360 366 367 389 400 409 424 443 450 452 455 456 457 463 496 497 
47 1 30 31 36 37 55 59 68 69 79 81 102 110 140 155 162 176 183 184 186 194 200 202 224 254 268 271 282 285 291 311 315 320 326 337 339 347 372 394 411 433 443 450 475 483 490 492 
45 6 8 48 52 62 63 70 99 105 116 124 126 130 132 145 156 162 166 168 170 189 230 232 234 242 248 264 267 275 278 297 302 304 339 361 375 400 417 452 454 463 473 476 492 497 
60 1 4 6 7 9 10 21 28 37 40 46 47 86 94 103 107 109 148 155 159 166 170 172 183 186 194 197 210 213 216 222 225 226 228 230 249 264 267 281 299 300 306 318 323 335 336 354 370 378 394 396 406 409 442 462 467 473 479 483 488 
53 9 15 18 23 39 52 62 90 102 107 111 152 154 163 176 177 198 207 212 218 247 248 262 269 271 273 280 282 286 288 290 293 295 308 323 324 332 337 357 362 372 373 395 396 415 421 425 431 438 440 448 465 482 
49 23 27 28 34 47 74 108 113 127 134 137 149 156 171 179 183 188 196 201 215 224 227 233 238 239 240 244 246 328 330 333 344 359 367 374 381 396 399 403 413 414 429 440 444 447 458 473 474 493 
50 9 19 26 29 40 59 65 71 75 87 90 105 113 116 139 141 144 150 163 165 179 201 206 207 210 217 218 223 227 228 236 252 259 263 284 287 293 307 332 356 360 363 370 395 425 430 449 454 491 498 
59 4 6 8 12 16 27 42 59 61 68 82 96 98 105 132 139 165 177 178 181 189 206 207 209 211 215 232 241 263 309 328 353 367 380 381 389 400 402 418 423 428 430 433 444 448 449 453 455 461 463 464 473 475 484 486 489 491 492 495 
37 3 21 41 48 59 68 80 95 120 124 132 138 153 167 168 175 176 233 241 242 245 272 292 309 326 337 347 355 373 383 386 416 419 421 444 476 480 
63 2 7 19 20 21 22 54 57 61 69 83 91 99 101 115 122 123 129 132 134 155 157 160 163 168 176 184 193 204 213 222 230 231 259 260 262 280 297 307 320 328 335 338 342 345 349 350 372 377 380 387 389 414 419 420 429 431 456 458 462 479 481 492 
50 3 10 18 20 33 34 46 49 52 79 82 88 97 98 101 103 114 131 137 139 148 150 154 159 181 188 193 203 215 218 219 224 238 240 242 244 250 261 264 268 274 340 349 367 372 378 419 425 435 486 
52 3 7 16 26 31 59 68 70 79 93 103 109 116 130 137 142 160 169 176 192 199 201 225 226 231 278 281 301 323 325 333 334 336 341 356 377 379 403 408 410 412 416 422 430 434 450 454 456 475 490 498 499 
33 23 66 69 81 97 100 102 108 118 120 126 159 185 203 214 222 224 242 249 258 281 295 330 364 395 402 409 432 450 452 455 467 488 
54 4 7 11 13 16 18 19 25 26 29 36 55 73 94 110 117 119 126 137 162 173 186 191 195 199 208 225 231 241 249 266 267 287 295 298 300 312 314 319 320 333 339 345 354 358 384 398 419 420 436 437 439 441 488 
48 2 17 36 38 53 54 55 74 82 95 134 169 170 176 193 198 204 207 216 222 233 249 250 256 270 278 290 300 306 309 331 333 335 346 369 371 372 387 389 396 407 412 430 431 434 446 470 494 
50 4 14 19 28 30 31 54 77 81 90 97 130 139 140 158 162 164 196 222 246 268 269 273 274 286 290 314 320 322 324 331 340 351 359 360 365 372 384 399 424 426 428 435 439 443 449 453 461 497 500 
56 10 20 35 40 46 47 50 62 63 87 91 120 124 128 131 146 156 159 162 164 179 197 206 227 236 237 241 253 254 262 265 268 276 280 286 297 298 303 325 344 345 361 370 394 395 420 421 429 430 443 473 487 495 496 497 498 
44 14 60 62 75 118 129 134 140 145 166 176 211 212 229 238 246 251 253 276 288 301 305 326 331 334 342 349 354 357 364 371 383 392 395 405 425 433 436 438 450 465 470 471 472 
43 7 17 27 31 42 93 102 103 127 132 143 145 150 153 158 164 168 172 191 221 229 244 248 261 286 299 300 304 310 336 349 381 387 396 412 419 422 427 442 450 453 474 476 
65 4 5 7 13 27 28 48 59 63 86 88 90 100 103 108 120 124 131 150 153 155 165 167 174 176 178 198 204 211 218 222 223 226 227 229 230 244 288 289 304 310 339 344 353 363 364 369 373 378 414 415 427 429 434 443 450 452 463 468 472 488 489 492 493 497 
43 8 14 15 44 57 65 72 75 97 104 138 139 148 149 167 170 171 184 193 197 239 250 255 282 289 294 301 307 323 327 333 350 368 377 382 383 387 409 459 468 476 497 498 
44 3 21 25 31 34 56 58 64 71 116 130 132 155 164 194 199 234 255 256 270 292 295 361 364 372 377 382 384 393 404 410 413 417 426 435 444 452 456 463 466 477 487 489 495 
54 4 21 37 41 46 56 60 76 81 88 100 101 103 111 117 118 123 140 144 161 163 170 178 197 198 201 242 248 250 252 257 258 281 284 343 345 365 380 382 392 393 396 402 403 407 420 423 440 451 456 457 459 483 500 
48 32 40 41 49 51 60 69 88 105 122 128 170 171 203 218 231 241 245 252 268 279 280 283 286 294 306 320 322 323 326 328 335 352 353 371 379 396 420 442 449 456 459 481 482 487 490 491 494 
60 8 19 27 35 37 53 61 63 67 77 79 86 115 120 124 125 138 149 162 163 164 171 177 180 191 192 200 215 221 230 232 234 242 271 277 279 282 290 305 318 325 326 329 334 339 341 350 358 380 388 403 413 450 459 467 468 470 477 483 497 
49 2 22 27 31 34 35 41 51 52 74 76 78 97 101 112 117 127 152 179 196 198 205 214 215 226 229 237 243 249 250 251 269 276 290 322 327 328 364 399 409 410 422 423 448 450 477 485 496 500 
45 30 33 34 39 57 60 62 65 68 100 114 123 134 136 143 157 161 177 181 220 286 287 299 305 320 336 354 355 363 365 373 379 383 385 393 396 397 446 465 472 476 483 484 486 497 
46 2 14 16 17 48 55 57 62 66 74 75 90 98 104 110 127 133 134 143 211 258 263 268 286 287 292 301 315 316 331 335 337 343 353 364 391 411 433 435 448 469 471 475 480 481 493 
43 4 16 21 24 33 60 66 77 87 151 168 180 181 186 196 200 214 220 227 236 254 267 284 297 301 316 323 335 343 357 358 371 376 403 439 444 456 461 465 470 488 489 492 
42 10 18 21 25 65 72 80 96 120 130 132 147 151 157 158 175 178 191 213 229 236 237 249 267 280 284 290 296 306 311 323 330 345 371 394 412 429 434 452 480 495 496 
69 6 12 13 14 18 24 27 29 40 52 67 71 76 78 82 84 86 88 92 120 123 129 142 149 178 185 188 195 198 212 215 223 226 228 235 240 243 255 274 283 286 294 297 299 302 303 305 311 314 317 320 322 326 334 338 354 372 402 408 413 415 418 420 446 447 449 464 484 496 
42 17 22 35 38 47 60 61 85 112 133 144 146 148 151 157 194 212 222 226 235 253 260 279 287 296 302 319 329 339 340 344 347 350 351 372 376 398 409 424 429 451 491 
46 20 79 89 90 94 98 102 114 153 160 184 201 217 218 225 246 253 260 272 276 280 287 298 313 321 327 337 349 350 351 385 390 409 412 413 416 421 431 438 446 452 458 460 470 476 500 
54 2 7 19 42 43 66 68 73 75 110 120 123 132 146 152 166 172 186 201 219 229 232 235 250 264 274 276 296 302 305 309 326 331 337 340 353 354 357 370 374 375 376 384 417 421 440 444 458 466 487 491 493 496 497 
49 9 15 19 22 25 28 34 44 71 108 115 120 123 130 139 140 159 197 208 217 219 238 244 251 254 281 283 289 309 315 328 339 362 376 377 393 396 411 419 422 423 429 439 440 441 442 448 466 476 
48 2 9 14 28 36 60 97 123 125 128 157 162 184 190 193 203 207 212 215 235 266 267 276 281 286 316 352 354 358 368 372 380 383 385 390 402 410 413 416 419 427 448 449 458 460 463 475 481 
41 16 27 31 48 58 85 97 100 115 132 138 142 147 192 200 205 226 231 245 276 281 286 298 303 332 350 364 370 382 383 384 389 400 412 414 415 455 463 465 476 480 
47 14 15 30 49 51 56 66 69 72 90 99 116 120 121 125 166 186 190 192 198 201 216 224 234 236 240 250 264 269 295 308 311 316 331 367 372 415 416 419 423 427 431 442 443 450 470 480 
47 14 16 19 33 45 49 77 82 97 99 105 106 110 113 127 130 134 137 152 166 167 168 174 175 218 224 226 238 260 267 290 316 324 326 340 341 348 352 359 380 400 420 421 425 427 449 488 
50 2 5 14 25 27 36 49 50 51 71 77 80 95 100 101 106 112 113 126 150 152 186 187 204 210 216 223 231 235 243 257 268 269 285 288 296 299 306 324 331 332 340 390 402 429 432 437 441 471 486 
46 19 24 27 28 42 72 74 88 99 122 125 134 135 139 146 152 170 178 209 232 260 261 274 282 287 289 296 298 321 326 329 337 339 360 372 379 385 388 390 391 394 420 428 462 466 482 
43 36 41 58 64 80 82 101 107 118 126 158 164 180 191 193 199 201 221 250 279 289 295 317 320 321 324 346 356 364 388 412 417 424 435 437 453 455 457 475 477 481 485 498 
45 7 11 15 23 24 50 55 62 98 145 149 174 189 191 215 216 230 239 241 248 250 267 270 273 278 280 281 282 283 288 297 310 317 333 348 378 379 380 393 394 405 409 460 472 482 
44 8 12 28 29 40 42 50 72 73 82 96 108 116 141 156 161 207 216 227 228 232 248 249 269 270 274 295 347 348 367 399 400 406 407 413 458 460 461 471 473 489 491 492 494 
64 6 16 19 22 27 41 63 74 79 86 91 109 114 117 125 164 171 173 177 181 189 194 211 221 223 231 241 250 251 254 255 260 273 279 280 282 285 290 298 302 307 326 333 352 356 368 372 398 400 402 413 415 423 425 434 442 443 444 446 453 456 458 460 488 
56 3 11 12 36 52 53 73 77 78 82 83 104 116 140 162 171 173 174 187 189 191 195 204 219 255 291 308 310 321 325 334 355 361 362 365 373 383 386 411 414 417 427 429 438 439 442 445 451 455 458 461 477 483 486 488 493 
49 2 4 5 9 12 13 26 58 73 91 113 121 141 144 148 168 177 186 203 211 218 220 224 231 232 255 268 281 282 293 297 300 305 353 358 379 401 411 440 444 445 449 451 455 461 466 471 473 476 
44 9 22 26 32 61 64 69 73 80 84 89 129 141 148 167 180 182 184 200 201 250 258 259 273 291 314 323 324 327 338 347 356 379 426 429 430 434 439 452 476 480 489 490 496 
58 9 33 34 42 44 63 78 83 86 94 105 116 134 148 156 160 163 192 193 214 222 234 236 263 266 271 282 291 294 299 303 341 348 351 356 367 369 372 374 385 393 420 421 425 430 448 450 451 457 463 469 474 478 479 480 481 482 492 
60 4 7 10 35 38 46 50 65 82 89 97 106 108 120 124 126 132 136 139 160 161 162 178 180 181 182 183 196 224 227 228 233 239 249 253 277 290 296 299 310 314 315 342 345 347 361 363 367 383 388 390 402 408 422 425 430 439 452 479 494 
41 4 5 17 48 66 67 78 79 84 106 118 133 140 144 155 157 160 161 177 181 205 223 226 238 253 272 283 309 315 317 345 349 350 367 385 386 400 425 426 477 491 
58 12 14 20 21 25 26 32 58 59 64 95 105 119 120 123 126 128 139 145 147 150 171 185 189 199 202 207 226 235 238 251 255 257 265 274 287 289 327 336 338 343 350 357 361 380 391 397 401 403 405 427 435 436 441 469 470 485 496 
48 11 50 55 57 61 75 82 95 108 114 119 134 137 159 167 171 182 199 202 207 234 243 254 288 296 303 339 342 352 354 357 366 381 382 391 402 410 413 420 441 444 455 463 467 468 477 495 498 
50 3 10 12 14 19 36 44 56 61 65 94 95 96 98 104 107 119 139 150 154 155 176 209 216 222 224 248 265 285 292 309 310 316 321 336 352 368 370 381 395 397 404 408 410 431 474 475 479 491 495 
55 11 17 37 48 60 62 63 96 98 109 116 123 136 139 140 145 146 152 155 156 158 165 168 170 171 202 207 215 223 246 255 257 268 305 311 312 322 334 349 355 367 373 380 389 390 391 427 435 445 447 449 483 488 493 494 
54 12 18 24 25 26 44 49 55 57 62 93 97 104 105 112 120 122 124 133 135 141 160 166 175 177 185 198 204 224 257 272 277 294 303 319 321 330 341 345 350 360 371 382 393 400 403 417 427 440 442 470 475 478 495 
48 10 11 23 32 39 52 63 123 127 131 132 133 138 151 154 177 186 194 201 232 236 238 244 249 253 259 266 269 274 279 301 302 312 343 356 367 378 381 383 394 438 455 456 458 468 484 487 498 
48 20 39 51 59 65 85 89 95 99 115 122 123 128 165 166 184 186 189 196 197 207 209 236 266 276 301 317 333 344 349 352 354 367 379 380 383 388 422 423 431 433 443 460 467 469 475 483 496 
57 11 14 25 32 45 54 60 65 69 82 85 97 121 133 137 149 152 154 159 160 162 207 217 231 233 235 238 242 265 273 277 283 291 298 301 303 304 311 314 349 363 364 368 372 383 388 390 406 407 409 410 422 434 448 456 472 475 
62 12 24 26 29 34 40 54 56 71 73 94 116 127 130 136 158 161 164 171 176 188 213 215 235 247 255 257 262 264 272 285 287 289 300 303 309 323 329 335 340 365 367 368 371 377 381 382 405 410 411 413 415 417 424 439 442 455 472 476 495 499 500 
54 3 4 7 23 26 32 39 48 56 101 103 113 114 119 124 149 170 190 195 214 220 236 238 266 269 278 280 296 302 305 306 309 312 313 330 350 353 354 378 385 399 406 417 436 437 444 445 449 450 459 461 464 467 479 
47 3 11 18 25 44 45 50 64 65 79 120 128 163 166 184 189 194 196 197 198 204 226 229 239 267 270 277 286 287 288 294 310 322 336 343 358 365 370 392 405 413 415 432 453 468 474 480 
45 1 12 25 34 39 48 53 56 57 74 94 97 107 119 120 125 128 134 148 151 172 175 176 179 225 229 241 254 286 319 324 342 371 394 404 408 414 415 423 457 479 480 492 494 496 
56 1 6 8 12 13 19 26 30 32 36 44 71 88 89 96 101 112 121 129 153 158 160 165 166 168 172 229 251 255 258 259 264 268 276 292 295 297 308 330 332 349 355 356 374 380 397 398 426 429 445 452 456 457 490 494 499 
48 4 23 27 28 56 59 81 103 104 124 127 136 170 177 179 183 193 200 206 228 234 273 276 295 303 304 307 309 313 317 322 330 331 334 376 382 393 394 399 411 421 424 428 471 475 477 484 486 
52 9 26 39 41 47 49 60 73 75 82 101 103 114 120 124 133 140 157 175 185 188 189 190 193 238 239 247 253 254 264 266 269 276 294 297 317 319 331 339 347 354 377 383 399 409 417 420 421 471 475 479 481 
55 7 9 11 12 15 23 32 39 42 49 60 63 89 110 114 144 149 156 160 162 165 169 188 191 195 205 212 225 227 239 240 243 247 275 278 282 293 295 302 352 362 364 368 397 415 435 438 460 463 464 466 469 477 493 497 
52 6 12 17 33 38 51 53 68 75 83 93 95 111 122 137 157 158 160 167 175 190 214 218 221 230 233 255 275 281 303 305 306 311 318 333 336 345 363 377 404 413 424 434 443 453 457 459 480 482 487 489 491 
53 11 18 27 55 56 58 82 96 97 102 110 118 122 129 135 162 164 165 166 176 206 219 231 239 244 245 259 263 273 287 317 322 335 351 380 384 386 388 392 393 396 397 404 405 408 411 424 427 429 437 445 469 489 
49 7 9 27 33 35 51 55 58 59 64 65 67 73 75 83 86 122 124 158 164 170 182 188 196 200 209 214 219 229 238 243 255 272 289 311 327 334 357 379 384 406 415 434 437 442 452 460 468 488 
48 10 21 40 58 74 95 102 105 109 112 123 132 141 162 190 194 201 219 220 224 233 237 258 264 269 275 296 311 328 337 338 341 355 356 360 378 390 391 397 420 430 453 455 462 471 472 476 495 
50 18 45 51 52 60 62 74 78 86 95 102 111 113 122 128 143 155 179 180 190 213 234 246 256 258 264 271 281 296 311 330 336 346 355 378 379 384 395 397 401 410 416 420 433 444 466 478 479 489 498 
50 4 22 47 52 57 71 76 84 132 159 163 172 176 194 204 212 231 239 240 245 257 275 276 278 283 291 302 304 307 308 319 320 322 365 370 382 386 387 392 405 408 418 432 434 438 460 475 479 490 497 
54 3 26 31 42 69 79 80 83 88 95 100 102 110 121 124 130 132 137 146 157 165 170 172 189 202 206 214 221 248 267 270 294 299 303 311 318 320 324 333 334 338 343 384 387 394 415 418 432 460 468 470 483 492 494 
38 8 45 47 123 151 178 193 202 208 211 230 231 237 259 262 270 284 307 321 325 333 338 349 370 373 375 382 394 398 401 405 410 412 413 419 465 481 496 
50 6 11 16 23 40 44 45 46 48 52 64 65 71 80 82 84 113 118 122 131 143 147 171 183 192 221 230 234 246 264 284 313 348 352 358 363 374 381 386 398 410 413 420 422 425 431 459 462 463 478 
49 13 24 29 38 56 64 77 79 89 127 131 143 150 151 170 171 174 191 213 224 252 273 277 286 293 297 301 304 309 310 346 354 360 362 365 373 405 407 411 418 429 430 467 474 476 477 478 480 494 
39 4 12 16 22 23 25 29 37 72 78 91 97 99 105 116 138 150 171 182 194 195 224 238 262 269 296 299 308 328 365 418 447 455 456 460 466 467 491 499 
45 42 65 81 106 114 115 117 118 133 144 145 147 148 181 209 219 239 243 263 269 275 280 291 294 296 301 307 323 330 351 376 382 395 424 452 453 455 457 462 463 475 487 492 494 500 
53 10 12 19 22 25 37 55 66 78 93 104 107 108 110 117 127 144 146 168 174 198 208 209 223 229 238 248 259 265 266 269 272 296 308 313 319 320 330 356 372 376 388 397 407 420 431 433 449 458 459 482 498 499 
46 9 19 33 39 60 61 64 68 77 78 91 102 115 118 143 151 155 163 169 201 220 221 235 241 245 264 269 275 302 304 320 339 345 358 361 363 404 413 416 430 459 465 473 474 478 485 
64 7 11 13 16 21 25 36 40 48 49 52 77 78 80 81 82 86 93 96 98 115 134 139 164 168 176 190 191 206 219 222 228 243 248 272 284 293 299 310 316 326 331 332 356 364 369 370 371 373 375 377 390 396 408 416 420 422 430 443 445 463 465 467 493 
43 2 21 44 46 90 112 118 145 150 166 173 174 179 193 194 197 201 216 226 231 237 246 248 276 282 296 301 312 345 348 369 383 407 418 420 428 453 454 461 467 477 490 494 
52 11 15 20 23 47 52 69 81 91 92 93 139 144 145 152 154 170 180 183 187 195 203 219 220 233 242 245 259 261 293 295 305 307 332 354 358 361 363 369 373 381 393 405 409 420 445 449 461 471 474 481 495 
60 4 23 26 38 44 51 52 54 56 60 82 85 86 102 117 119 123 124 129 130 131 133 136 144 150 169 171 191 192 216 218 220 242 253 255 270 271 272 273 279 288 292 305 309 313 340 348 360 361 372 373 382 393 432 450 452 477 481 487 495 
50 3 4 20 29 55 71 80 88 96 105 110 127 133 146 152 156 196 199 207 222 223 236 237 272 281 287 306 331 338 340 346 360 378 380 384 398 402 403 413 421 423 426 429 442 448 449 455 459 470 473 
50 17 20 26 61 77 82 86 101 113 120 121 126 130 138 140 141 143 144 162 176 195 207 211 236 255 267 268 275 277 282 298 333 345 351 353 355 361 364 374 379 381 383 398 409 412 417 442 443 448 497 
54 2 6 10 20 21 32 49 52 57 58 75 77 80 85 86 88 93 105 108 128 141 142 143 164 172 173 184 195 198 217 238 245 247 248 253 274 288 290 299 309 320 325 347 389 396 406 413 447 449 457 467 468 469 479 
50 12 21 40 45 50 64 65 82 87 89 94 104 107 134 151 163 164 185 195 222 255 267 274 278 279 290 306 309 315 321 330 347 355 356 360 367 372 392 400 403 413 426 432 439 442 443 465 473 484 497 
50 6 39 43 56 57 66 85 112 117 130 154 162 180 181 187 199 203 212 216 227 233 234 235 242 258 288 294 295 296 317 319 329 345 354 366 383 390 395 402 408 415 428 434 444 451 464 478 483 492 496 
