100 1000
25 23 118 174 224 248 262 280 323 429 494 557 558 582 616 690 707 729 730 743 798 821 823 904 906 998 
14 37 62 115 206 212 235 309 384 622 699 773 799 908 994 
18 29 48 59 92 168 177 234 318 416 484 593 681 701 730 874 886 922 944 
18 103 113 241 303 319 357 382 412 451 458 638 657 665 793 819 821 879 938 
26 48 54 76 80 113 177 192 197 203 226 250 265 281 317 350 362 405 415 471 472 495 604 669 679 838 889 
20 9 43 44 215 245 324 342 438 524 546 549 558 664 682 788 826 869 930 937 939 
16 155 189 208 212 229 297 392 406 500 591 731 805 827 868 989 994 
28 62 90 96 136 209 226 274 379 410 453 474 475 479 507 510 552 592 613 656 664 666 672 740 781 849 928 949 962 
21 35 48 152 202 223 245 367 446 451 482 509 569 633 645 708 727 746 801 816 892 936 
33 18 47 62 175 179 190 198 204 274 290 334 400 415 417 436 459 464 480 509 534 578 598 682 756 789 843 861 869 880 881 898 939 997 
17 68 165 224 227 233 290 337 448 453 561 601 610 669 707 747 749 854 
25 11 60 63 78 181 188 191 202 314 328 349 442 450 459 469 504 516 584 774 865 866 870 893 905 932 
19 10 31 57 111 289 301 409 492 510 600 624 632 685 867 882 894 919 945 975 
13 126 127 228 309 324 336 376 501 523 628 663 671 700 
18 20 122 204 225 303 344 360 382 402 408 425 638 684 702 805 822 911 1000 
18 1 29 184 199 397 412 441 477 498 525 643 662 692 778 781 883 977 1000 
17 96 126 238 245 269 291 343 344 367 411 448 600 615 647 900 958 976 
26 21 55 77 99 146 204 215 309 318 345 438 442 443 448 459 478 557 655 657 800 807 814 823 872 968 994 
18 51 87 89 220 248 290 318 321 410 522 536 550 561 626 727 805 885 976 
19 8 30 92 100 196 273 328 420 481 510 570 587 685 687 771 793 846 875 908 
21 45 113 132 169 225 243 273 444 446 633 718 750 760 768 836 907 915 939 946 986 990 
28 97 209 231 313 335 373 375 397 402 428 437 510 511 520 534 552 557 562 573 680 743 776 792 809 815 845 968 994 
18 3 29 68 206 247 283 429 488 518 564 588 591 636 725 750 797 858 897 
21 2 9 71 134 200 361 503 541 576 578 637 659 728 774 779 807 810 871 881 962 983 
23 19 38 51 142 162 216 221 229 316 451 472 486 555 590 636 653 682 722 757 798 802 953 972 
24 64 85 135 171 185 233 330 338 359 366 423 434 448 489 493 541 545 612 627 628 661 850 987 994 
29 49 65 80 159 181 237 258 264 274 351 388 394 414 447 459 477 484 587 597 607 616 640 690 794 908 913 914 926 969 
18 6 72 79 201 329 368 437 553 677 711 724 765 766 815 842 851 914 950 
18 89 232 249 257 278 381 463 465 521 538 595 654 761 837 852 914 941 977 
21 7 81 159 204 213 371 415 520 554 562 569 593 628 647 667 702 715 741 835 869 959 
27 39 51 80 96 123 157 158 198 265 275 278 484 548 565 604 629 637 644 647 664 674 784 795 839 859 902 926 
23 53 148 150 223 299 308 335 371 387 416 475 513 557 613 650 663 705 758 818 857 867 980 987 
14 1 147 248 261 281 320 339 411 446 711 749 788 817 965 
18 97 122 197 222 251 298 354 372 466 527 571 572 739 751 788 885 948 953 
18 11 20 51 75 203 256 266 362 592 648 649 708 718 734 745 800 949 980 
17 50 51 60 101 245 361 399 471 563 661 667 726 736 775 792 849 928 
15 17 44 61 195 321 327 329 364 396 432 492 577 621 781 887 
26 3 36 38 75 114 150 243 492 503 530 556 559 580 641 728 735 791 806 857 903 908 918 947 965 979 987 
26 26 87 125 130 151 197 206 305 356 405 413 416 483 505 519 586 753 772 785 833 835 876 911 980 996 999 
14 22 40 139 159 262 400 512 528 567 663 687 697 779 783 
21 29 57 167 230 235 265 271 276 293 375 390 413 485 518 528 649 720 760 797 822 997 
22 12 13 16 91 118 160 189 205 432 447 451 470 552 562 605 666 739 757 811 852 922 984 
19 7 27 158 187 200 216 368 504 505 523 619 630 672 680 807 826 872 931 973 
27 16 38 50 52 161 163 301 332 385 520 538 541 568 569 572 616 657 672 689 717 720 759 793 808 924 977 988 
26 33 70 163 168 192 202 253 452 460 490 542 563 640 689 691 698 707 715 790 870 877 899 904 907 943 953 
13 9 210 263 300 480 561 571 638 661 833 839 956 985 
17 56 116 308 395 428 484 489 532 536 639 668 704 710 720 950 952 987 
23 9 78 104 119 131 149 213 307 380 381 393 398 459 481 518 529 566 618 739 772 897 977 983 
23 23 74 92 175 240 255 261 292 324 325 372 374 399 457 616 690 792 825 829 921 956 969 981 
25 29 124 162 190 211 213 219 289 321 356 374 383 430 462 535 644 649 667 680 714 884 919 929 987 997 
24 47 93 98 129 205 231 259 262 263 446 465 476 511 654 670 676 741 809 824 834 888 898 917 946 
19 106 135 204 210 217 254 302 309 419 492 532 547 602 622 657 672 708 774 851 
21 46 47 48 111 114 134 243 302 356 499 599 633 667 677 752 762 772 812 851 855 919 
29 30 37 44 103 125 154 186 244 264 285 359 379 420 426 431 473 499 539 544 568 586 603 731 750 761 832 863 877 945 
20 14 23 65 209 262 310 323 324 339 341 361 404 406 526 573 576 617 648 660 968 
24 24 38 58 75 235 246 324 371 397 417 418 422 509 524 563 630 671 676 694 710 770 813 833 844 
23 12 14 32 74 250 315 318 333 351 383 439 529 538 633 655 739 779 782 787 802 847 901 904 
22 76 155 219 299 393 427 487 497 506 534 551 587 617 644 671 706 732 733 893 905 952 985 
17 45 143 183 286 424 454 458 499 571 575 708 842 862 886 926 933 934 
26 27 30 159 164 204 224 233 239 336 339 359 363 406 410 481 486 499 519 537 695 749 756 835 923 951 954 
26 42 68 137 140 208 252 270 274 382 390 409 442 449 459 520 676 678 710 738 756 767 822 830 873 878 904 
26 103 118 146 149 174 228 236 291 369 378 427 467 563 598 609 614 623 650 684 742 777 796 802 804 853 957 
22 7 105 141 177 280 324 374 422 478 505 581 616 618 675 707 716 749 802 807 856 892 964 
25 96 110 128 163 207 297 369 371 409 411 445 478 514 520 553 571 723 822 828 865 877 910 951 966 967 
22 72 177 204 210 282 351 382 416 537 591 611 639 642 676 703 712 775 820 922 944 972 991 
22 15 80 82 89 104 117 138 295 347 388 403 436 494 510 544 558 596 648 658 700 841 910 
25 5 27 29 85 147 156 216 227 242 355 383 425 434 534 603 675 694 698 736 886 903 931 971 977 986 
19 4 57 145 191 207 244 363 381 461 496 510 543 626 700 713 741 744 956 983 
20 170 173 187 221 274 276 321 355 367 377 493 533 604 651 655 681 720 790 803 952 
18 26 69 168 211 401 421 462 539 548 591 693 844 860 944 953 955 973 984 
22 108 201 221 259 267 304 309 311 316 358 422 479 524 560 580 594 596 683 783 842 902 948 
27 3 37 70 94 107 133 191 220 253 266 267 270 275 283 433 532 567 586 644 682 753 760 763 792 925 945 968 
31 104 132 135 165 187 218 277 377 391 418 427 448 540 545 558 570 587 606 649 675 696 713 719 722 730 732 737 755 869 904 918 
22 67 86 112 142 144 154 190 219 389 435 436 452 488 550 562 598 694 752 818 848 934 940 
18 59 131 182 196 197 455 476 490 529 591 631 646 686 737 846 887 901 916 
19 16 125 192 229 326 447 486 509 534 585 591 614 708 764 821 975 984 985 995 
29 57 84 101 155 166 167 199 206 241 353 421 456 487 603 608 634 679 681 709 712 759 887 891 910 911 921 949 952 993 
21 33 78 121 282 284 294 324 420 442 521 523 599 625 726 769 779 791 850 944 970 978 
18 14 41 66 172 194 195 212 258 324 445 504 563 574 634 728 748 912 926 
25 28 48 50 67 109 112 126 146 163 165 360 414 423 467 485 505 689 700 723 755 799 879 895 943 985 
25 44 79 89 107 160 373 385 386 393 402 435 460 475 548 594 624 629 633 699 733 741 814 854 915 951 
22 4 14 56 110 265 268 301 390 399 431 439 609 644 671 673 688 758 786 798 856 940 982 
22 158 186 272 346 352 367 370 517 563 757 760 788 791 841 852 901 910 959 987 990 991 999 
27 95 106 125 130 143 281 300 301 331 374 440 450 483 511 514 544 563 583 584 655 661 739 741 833 876 903 999 
22 126 223 296 355 361 471 487 515 544 622 662 677 719 779 788 824 864 884 893 905 935 962 
26 1 18 116 163 214 289 299 322 340 348 374 409 513 525 590 621 625 639 645 669 679 690 814 843 890 941 
16 72 110 133 157 213 221 380 457 494 521 621 679 694 753 893 991 
17 102 170 225 237 262 269 319 322 365 492 539 620 648 672 802 896 973 
19 40 47 86 135 149 198 217 297 468 491 518 584 612 615 729 790 865 927 945 
22 6 65 83 95 118 191 196 341 485 494 496 531 761 783 788 842 873 879 903 920 921 961 
17 174 186 197 222 236 283 287 332 358 438 474 523 586 628 869 907 989 
18 9 203 283 303 508 565 715 726 754 776 780 826 870 884 943 969 973 984 
27 34 64 159 178 187 190 197 206 240 260 324 332 341 376 480 605 744 777 838 840 864 909 911 934 939 942 974 
27 39 73 82 88 166 181 202 312 378 400 411 470 487 536 544 579 585 589 652 671 721 743 753 811 831 886 973 
29 76 116 153 164 176 193 270 273 288 303 330 446 487 495 505 526 635 637 736 781 798 885 887 900 904 910 945 962 978 
19 48 97 120 223 226 315 351 359 464 480 502 689 745 749 823 912 920 951 985 
16 2 12 14 23 32 92 180 219 306 430 499 562 662 765 809 847 
17 116 117 159 163 203 213 243 245 279 369 383 427 575 590 840 922 926 
16 25 63 154 197 364 382 393 407 565 663 816 825 902 960 963 970 
13 78 129 303 355 375 451 620 704 735 870 902 992 998 
