100 1000
22 4 36 96 97 188 232 252 281 342 347 433 523 528 627 647 663 664 673 699 736 786 862 
22 11 52 68 134 161 172 213 259 282 312 408 567 653 659 688 695 728 738 744 827 885 938 
16 70 113 135 204 232 262 278 282 289 570 739 822 830 915 948 970 
12 223 338 356 427 437 475 513 644 797 832 880 946 
19 46 50 73 200 202 228 231 295 344 347 386 398 452 462 532 892 937 960 976 
25 18 20 90 108 125 138 169 170 207 289 294 295 340 425 473 541 551 566 620 657 870 908 962 988 995 
18 5 138 177 300 311 339 342 348 411 428 455 466 507 580 646 656 729 742 
23 50 108 274 276 290 298 391 399 409 451 463 496 556 579 589 609 611 701 754 782 876 884 925 
16 185 263 264 350 419 442 459 503 658 662 792 803 812 828 860 868 
24 62 145 274 285 420 427 446 453 459 473 524 553 614 639 680 681 735 806 865 871 884 901 975 986 
19 1 4 44 106 117 148 368 402 499 524 568 601 640 649 664 672 683 686 740 
21 11 48 54 104 124 148 287 304 363 390 413 484 495 536 558 570 581 583 850 921 983 
20 6 12 34 61 107 125 253 261 327 342 573 655 750 786 787 857 859 862 908 917 
21 44 62 66 104 157 236 328 391 494 497 602 693 788 822 840 856 943 952 962 977 987 
23 101 180 189 289 302 344 381 406 408 416 425 478 481 521 587 632 756 765 766 823 825 926 935 
17 82 83 125 204 307 316 340 390 449 487 667 673 749 915 970 977 985 
20 67 111 130 149 168 186 233 258 325 376 421 440 554 618 683 711 714 721 811 958 
27 22 38 90 211 214 261 265 326 334 335 391 396 559 565 592 636 667 684 707 729 763 854 900 929 945 969 997 
17 43 211 268 270 309 471 479 488 494 586 666 722 751 781 787 810 949 
19 14 19 56 91 141 245 255 326 388 397 422 473 677 756 790 812 827 877 983 
37 64 72 85 102 148 171 227 234 239 279 367 388 411 418 429 438 441 461 500 543 565 575 591 600 646 654 664 679 727 770 784 843 854 856 895 972 992 
25 27 29 41 117 126 130 188 200 266 331 442 467 589 717 736 753 764 784 835 840 878 906 909 971 991 
27 41 87 144 156 162 174 206 251 352 361 447 527 629 630 703 717 731 734 794 815 856 886 907 945 946 961 993 
17 8 99 106 136 157 215 229 280 313 442 445 545 632 698 864 954 958 
22 74 101 142 148 154 329 335 353 436 463 471 587 667 674 694 718 814 880 903 904 930 969 
17 9 40 134 222 245 249 293 314 325 374 532 609 804 806 896 930 960 
27 31 55 56 117 139 159 279 280 361 410 418 430 489 518 524 562 569 580 611 692 717 796 836 845 851 899 911 
20 72 74 106 109 218 234 283 287 296 525 552 574 623 636 665 739 809 923 968 982 
18 31 67 89 98 148 219 282 332 437 491 507 562 716 730 741 757 779 971 
26 6 8 42 159 194 195 251 289 317 327 366 482 493 509 533 613 661 678 719 783 832 855 933 962 974 976 
22 7 33 44 79 119 135 143 322 403 537 560 592 613 640 685 748 758 761 807 867 881 916 
26 22 59 95 141 160 188 287 346 384 393 472 499 501 525 531 569 584 661 677 698 710 728 787 891 913 945 
26 69 75 83 113 162 285 349 367 404 432 435 446 505 563 574 638 673 691 709 722 778 790 844 888 953 997 
23 48 75 96 99 184 228 275 289 343 406 446 491 598 604 715 803 871 894 922 925 944 977 978 
28 11 17 40 120 173 253 271 282 307 320 341 426 427 474 528 600 607 650 765 774 777 791 835 846 882 903 935 991 
19 139 238 242 279 379 402 504 577 581 595 619 712 717 726 802 810 863 932 984 
16 21 91 129 196 203 244 277 388 448 564 620 670 677 833 877 972 
17 56 82 188 197 252 278 321 338 355 504 517 523 579 593 655 768 890 
21 4 95 160 166 209 255 260 370 382 399 416 443 511 563 570 648 657 681 891 903 945 
24 14 53 141 365 449 465 525 534 558 571 596 612 654 668 669 774 805 821 854 858 899 921 979 989 
20 32 75 133 238 273 286 333 412 428 517 557 565 590 679 681 710 756 860 924 937 
25 4 94 186 196 199 243 248 259 271 316 324 366 390 469 527 631 647 652 673 690 726 736 834 901 999 
10 99 249 337 447 666 734 768 781 839 842 
23 4 16 32 60 63 167 233 288 299 380 406 552 562 594 624 643 650 655 672 845 891 959 972 
17 103 139 145 151 171 236 241 306 308 348 401 531 580 783 834 948 949 
20 2 32 203 226 249 289 398 493 510 518 597 612 625 628 706 765 808 905 911 914 
20 63 81 148 208 212 246 276 335 396 415 420 450 651 679 699 889 913 918 929 955 
25 36 41 79 90 128 139 145 156 216 275 406 420 437 478 530 541 585 597 651 662 707 709 741 891 992 
15 119 159 335 421 433 488 510 528 563 578 589 631 740 825 948 
23 24 39 139 208 288 289 318 351 388 473 476 623 759 786 844 848 877 907 952 954 956 976 999 
16 116 216 225 391 393 411 420 480 485 598 825 850 861 907 937 996 
29 1 6 73 180 229 254 262 286 297 303 310 325 328 376 433 455 529 534 562 571 685 689 711 762 775 780 816 868 891 
18 28 51 93 118 127 136 243 358 385 438 484 560 642 689 739 826 828 848 
18 88 138 157 186 228 248 297 310 329 429 439 616 676 771 800 904 952 983 
26 52 67 74 86 102 105 106 143 218 242 256 491 526 607 609 633 697 734 743 805 835 857 887 895 959 967 
13 49 179 355 583 646 650 713 724 833 876 915 949 980 
24 21 52 86 178 211 256 305 335 410 514 700 705 716 724 733 737 740 745 761 764 772 798 926 930 
28 40 50 68 74 138 201 228 248 258 274 365 378 390 404 474 523 540 575 582 636 656 671 710 876 882 889 915 971 
20 111 153 175 229 277 296 305 319 394 428 431 459 462 696 718 720 723 782 789 793 
15 56 80 96 102 224 321 515 539 578 611 643 741 939 952 963 
24 118 123 157 158 191 234 298 318 348 349 358 371 378 403 413 434 486 538 642 717 722 748 815 835 
13 199 212 228 288 336 404 466 570 631 650 726 834 877 
20 2 74 92 183 187 220 247 340 358 375 438 467 471 491 545 645 801 838 964 990 
21 77 78 146 239 386 400 402 426 443 472 555 600 616 683 699 741 777 787 847 891 897 
16 29 45 104 234 315 376 385 508 606 704 823 865 872 941 966 997 
21 39 79 237 335 403 470 545 576 637 643 688 711 718 725 741 767 825 836 890 912 975 
22 29 72 115 164 205 230 267 386 494 549 607 608 610 660 687 693 713 741 744 810 899 940 
16 13 15 26 84 106 114 144 417 489 511 529 670 755 783 802 860 
23 71 97 113 180 182 186 207 226 264 266 307 335 350 380 441 490 713 718 740 849 866 933 945 
24 27 72 112 174 198 232 253 271 289 346 420 477 496 575 639 666 703 757 857 883 959 974 979 997 
22 1 37 91 109 148 188 203 288 453 467 577 593 623 651 659 776 799 859 874 893 917 939 
25 1 13 43 192 208 225 276 280 316 452 476 499 542 572 692 728 795 869 882 886 908 935 936 939 981 
22 3 110 116 157 197 272 309 325 330 511 544 546 561 655 721 879 893 895 903 967 979 1000 
25 12 18 29 72 256 290 312 355 386 391 403 408 484 555 597 629 652 686 692 726 746 860 897 950 955 
22 70 71 91 203 215 328 344 355 358 427 444 551 595 611 662 709 770 868 892 942 966 981 
26 6 30 137 162 201 236 246 359 373 376 402 443 478 586 624 660 669 677 726 815 853 878 910 948 957 959 
22 72 99 105 161 165 217 240 350 354 401 436 508 535 598 714 732 769 837 920 969 973 974 
13 147 360 376 395 467 498 638 647 764 806 823 841 891 
25 23 43 65 191 226 295 377 435 447 467 492 554 576 609 624 626 742 757 761 798 852 856 861 876 921 
21 139 186 264 281 307 329 377 387 392 427 452 502 601 627 672 686 750 774 817 876 975 
24 9 30 72 236 374 424 426 512 531 538 550 563 636 646 647 693 699 707 815 829 875 904 928 947 
18 35 47 103 212 213 221 393 397 414 713 732 789 798 815 819 880 947 948 
21 25 268 292 323 338 357 389 390 417 420 571 622 635 675 706 722 758 775 804 855 922 
18 3 84 89 131 151 204 390 449 460 489 558 739 818 866 897 954 979 998 
15 24 191 282 345 355 545 599 749 784 785 813 848 869 979 992 
20 2 52 121 137 140 155 169 248 255 314 362 439 464 515 522 549 550 804 866 951 
22 26 142 151 186 190 191 241 418 444 453 454 510 597 637 683 720 721 772 781 903 919 946 
21 97 150 269 293 359 383 413 429 455 467 469 513 608 678 682 731 864 916 975 981 994 
18 47 115 195 232 244 297 324 456 523 570 621 629 701 728 757 764 902 907 
23 26 39 286 368 376 419 421 464 503 509 548 581 615 621 649 655 759 787 790 832 861 903 927 
22 19 112 377 417 506 508 663 681 749 803 814 815 823 826 857 879 882 885 888 898 928 949 
30 16 57 210 231 342 344 348 407 412 442 468 483 642 678 708 710 725 736 739 748 778 792 794 799 856 890 891 943 952 965 
27 56 58 84 87 103 109 144 176 200 232 240 260 290 291 369 393 445 557 612 636 646 670 706 758 886 967 990 
29 61 139 248 250 258 260 267 285 300 324 372 404 406 409 442 479 482 519 603 634 681 721 728 742 744 770 773 774 826 
17 63 76 116 248 263 380 409 415 457 588 735 745 756 757 797 831 925 
26 4 10 94 135 152 176 236 257 268 293 351 377 514 574 605 641 689 725 741 745 752 788 824 919 934 998 
24 39 93 132 163 181 205 219 235 258 302 458 502 620 672 735 747 760 820 844 846 873 888 907 986 
24 1 54 95 127 167 241 274 351 364 377 405 423 438 537 547 589 596 617 622 634 739 784 809 828 
16 5 84 90 176 246 279 284 356 493 520 673 702 721 792 854 931 
21 24 32 35 50 100 122 173 176 193 289 301 341 425 516 644 755 807 874 929 951 983 
