100 1000
24 52 64 98 108 195 274 288 304 387 437 484 551 587 636 664 667 721 746 781 817 863 897 918 941 
18 87 199 205 273 334 398 508 519 576 594 601 616 847 871 903 918 963 997 
16 150 207 216 223 246 354 414 493 518 629 640 679 706 726 824 927 
21 57 112 190 196 283 287 311 399 400 497 554 632 657 686 776 806 812 860 875 894 909 
35 3 35 98 123 130 213 217 218 232 282 315 322 362 374 391 393 409 417 485 504 551 574 701 707 709 722 737 828 872 879 896 911 915 991 993 
29 18 43 75 161 183 198 232 347 360 367 443 467 469 478 511 520 527 546 589 630 696 761 782 794 873 877 894 969 999 
25 28 48 58 76 86 112 164 183 262 272 306 353 383 419 430 448 586 658 701 730 731 815 881 913 971 
33 13 29 78 118 132 190 248 283 316 317 372 373 400 410 427 434 439 451 486 537 541 621 710 758 805 809 834 836 927 946 949 956 963 
16 24 183 214 313 345 405 420 431 482 533 791 797 861 895 931 932 
21 84 116 126 134 140 188 210 481 498 668 681 688 738 754 758 810 830 831 885 906 972 
22 20 52 82 101 155 240 261 271 308 321 388 399 488 505 529 550 692 727 733 916 933 984 
14 9 157 189 356 499 557 625 734 835 868 958 961 990 999 
30 14 53 126 215 276 293 299 310 312 318 346 349 376 430 444 471 481 613 624 736 754 839 886 893 908 916 930 944 970 996 
22 18 34 72 170 281 347 365 384 414 483 530 534 582 593 674 734 758 824 847 913 964 999 
21 14 125 158 167 330 390 450 458 512 529 553 604 611 726 763 770 784 811 903 919 946 
25 7 32 68 85 141 142 234 382 453 521 529 536 585 610 647 683 779 886 898 905 921 932 940 947 982 
20 74 162 177 178 185 237 262 392 450 538 539 574 608 721 725 747 796 916 934 951 
17 79 118 141 154 224 287 294 327 443 487 556 586 654 713 737 849 919 
25 26 107 120 167 181 205 252 310 340 433 442 472 480 497 504 521 587 652 764 823 847 908 918 958 961 
16 63 87 88 314 414 440 455 483 495 542 561 605 627 637 820 944 
21 27 46 47 68 90 197 210 275 279 301 365 540 651 658 735 826 862 882 931 942 949 
23 4 68 76 137 172 326 338 358 378 384 404 436 462 492 557 631 789 821 851 866 870 912 991 
24 114 232 254 278 298 310 322 497 511 517 518 524 595 626 638 715 766 783 803 814 866 873 885 984 
18 35 112 141 234 280 305 308 317 403 412 425 490 559 713 716 816 876 877 
21 50 184 222 276 303 326 345 355 424 466 522 540 642 725 779 799 817 928 977 978 987 
19 61 117 244 297 299 309 360 506 553 577 591 698 702 751 779 798 907 911 986 
25 66 100 144 165 180 333 356 375 382 408 417 463 475 501 536 571 724 777 780 808 811 885 919 923 990 
27 18 21 229 246 337 363 365 370 377 383 470 474 498 504 536 670 702 739 750 761 769 788 803 893 927 972 974 
22 6 9 58 76 145 177 234 260 261 286 290 377 423 536 626 651 670 695 717 825 884 991 
17 100 225 275 380 456 478 531 581 592 593 614 616 637 733 748 932 933 
30 47 64 66 104 119 143 173 233 239 253 299 353 366 372 402 416 446 469 494 508 565 641 744 786 796 814 817 849 893 960 
19 17 138 192 231 249 419 506 532 627 642 691 701 719 786 859 882 902 983 990 
20 40 59 74 166 194 197 294 344 364 390 406 479 538 608 855 885 939 942 979 985 
17 22 25 45 51 77 120 152 292 317 546 559 624 723 817 832 882 925 
24 7 25 88 118 135 223 230 304 360 386 392 428 483 578 661 677 688 765 829 867 929 940 963 967 
25 23 35 95 136 146 150 151 158 183 241 252 291 310 395 490 638 649 668 756 844 854 897 903 918 939 
24 12 58 71 99 102 121 258 329 443 459 486 496 499 534 546 566 590 597 636 687 693 720 923 969 
13 218 257 411 542 575 592 644 667 795 851 878 939 978 
21 80 125 142 181 187 191 248 332 333 335 376 465 485 525 547 603 737 803 866 904 991 
18 35 56 139 142 157 209 233 267 308 309 328 375 413 476 490 585 769 999 
31 131 148 253 354 407 483 511 514 523 551 560 563 575 576 592 624 646 717 723 740 743 769 771 865 880 889 892 953 962 987 998 
28 44 72 75 121 154 193 199 307 320 341 460 468 501 594 622 660 672 703 724 741 756 763 786 821 858 869 905 910 
19 19 176 226 321 352 366 393 469 477 576 587 632 637 673 686 731 853 941 953 
15 120 172 193 207 217 241 256 335 427 539 543 650 672 782 955 
24 34 51 177 198 209 375 429 481 489 495 638 642 677 691 733 752 764 769 789 795 819 834 914 938 
21 15 94 179 191 215 260 328 390 400 454 541 590 593 700 750 788 823 824 853 911 988 
19 15 95 121 165 227 259 317 389 442 457 484 508 552 575 577 589 590 731 744 
20 16 89 147 175 178 204 215 343 379 482 539 580 583 642 755 775 857 881 914 956 
16 12 65 186 239 256 263 385 398 582 625 677 678 713 911 924 988 
19 73 110 169 201 289 360 443 486 504 596 613 699 704 750 782 791 840 855 925 
18 121 167 269 336 345 348 351 379 404 434 504 531 612 683 773 816 930 967 
16 66 94 231 357 417 479 535 568 573 595 649 732 837 901 950 965 
24 50 212 223 342 347 358 398 408 413 434 447 556 565 572 602 642 697 730 785 792 804 806 866 882 
25 10 69 113 131 182 205 206 220 246 254 272 445 503 557 566 599 664 680 726 733 753 789 867 934 964 
25 61 92 105 124 168 201 215 253 306 317 339 376 383 445 556 561 589 593 608 636 658 781 896 939 990 
19 165 202 270 300 397 414 422 534 688 764 781 783 787 806 810 824 882 919 995 
23 11 50 57 70 103 132 309 330 494 515 592 607 686 725 726 729 748 749 759 785 786 896 954 
14 2 84 208 250 265 399 431 553 707 711 745 746 839 852 
19 6 7 30 83 116 149 203 339 570 580 619 628 663 681 707 806 838 865 975 
18 31 218 274 295 317 434 509 587 672 708 742 760 762 777 828 855 865 904 
23 70 110 111 138 174 179 223 296 344 365 375 441 466 507 534 559 637 659 771 815 841 977 981 
24 66 99 116 148 149 159 173 260 321 402 417 484 538 555 669 720 759 829 842 863 883 905 945 951 
17 5 223 225 261 306 398 447 457 491 500 542 656 659 759 894 908 943 
20 18 36 67 191 207 225 291 315 324 488 616 633 666 675 759 775 813 866 885 978 
18 61 95 121 127 145 221 267 317 600 601 607 714 828 838 852 906 912 987 
26 54 63 96 146 189 211 227 296 350 374 385 505 517 520 543 547 635 639 679 682 690 709 711 723 747 971 
22 124 160 257 294 304 333 502 530 580 615 665 683 703 718 725 739 760 795 800 805 952 956 
21 2 21 38 184 292 296 309 336 351 369 391 396 419 516 570 616 659 733 845 847 1000 
19 37 108 171 271 319 333 385 463 468 490 508 650 651 671 751 809 912 973 979 
18 69 85 146 266 298 368 460 554 598 605 646 689 704 719 793 845 902 951 
17 124 147 154 176 331 444 450 551 647 728 764 803 866 867 872 917 927 
14 59 87 90 124 245 353 459 703 705 709 725 741 948 949 
23 13 33 41 81 83 97 106 142 171 250 257 323 332 340 398 493 617 638 651 866 878 930 968 
19 23 243 248 290 340 422 458 481 513 529 535 575 582 623 651 864 875 893 937 
18 13 18 56 60 69 185 301 353 361 397 448 567 723 745 772 777 784 920 
22 5 59 136 149 185 301 310 432 435 459 496 564 648 655 711 722 751 789 893 936 938 976 
23 25 93 96 109 242 268 311 482 517 552 567 654 662 674 676 735 778 819 849 851 873 912 991 
24 7 55 129 228 238 245 315 346 471 488 510 528 562 584 655 719 776 852 862 864 876 900 926 966 
21 58 138 145 185 190 230 394 407 421 441 461 468 508 513 548 655 859 864 866 917 950 
16 134 241 250 295 302 328 419 444 513 517 578 695 698 774 827 911 
27 8 118 196 202 277 306 359 394 415 417 474 479 545 549 594 647 649 676 684 685 687 710 772 862 867 951 970 
23 115 167 262 272 304 378 395 413 439 460 526 544 601 622 672 694 722 738 781 806 812 813 919 
18 20 295 365 371 391 401 421 606 629 637 645 654 746 800 801 920 926 944 
17 109 159 192 233 236 364 451 452 563 577 677 701 790 818 821 848 886 
20 58 102 130 163 282 351 363 368 422 522 578 582 608 618 737 763 830 886 930 960 
27 44 62 88 175 228 242 263 272 358 426 469 540 555 575 601 609 617 681 715 721 763 793 887 956 959 970 985 
24 2 110 192 211 217 224 358 439 484 492 495 706 738 744 755 767 847 902 911 922 952 972 993 994 
23 1 5 139 158 220 221 231 238 297 325 327 434 450 520 653 704 792 832 876 890 891 920 984 
20 3 42 76 317 463 464 471 503 531 540 563 589 591 594 667 680 744 812 981 992 
21 57 65 102 208 215 265 283 321 383 395 399 406 588 643 689 695 751 800 843 888 979 
20 64 183 203 360 541 562 566 588 610 677 679 681 714 761 769 856 917 929 942 968 
17 4 52 156 252 263 264 328 449 478 484 547 650 735 841 851 918 944 
22 48 87 128 200 367 391 399 441 498 545 582 752 755 772 785 802 852 868 885 922 931 989 
23 23 55 61 91 127 130 133 166 256 270 284 304 326 336 346 410 469 554 640 771 782 857 969 
24 18 63 142 144 149 251 286 296 431 522 557 576 634 636 712 786 832 844 885 896 903 908 929 935 
25 101 146 149 219 285 319 327 333 334 419 430 452 521 522 686 747 807 824 833 898 908 910 920 977 980 
33 4 49 103 105 141 183 254 370 406 427 434 437 438 439 473 558 579 614 620 627 644 654 768 772 815 843 846 848 850 859 861 893 899 
24 39 51 96 132 137 201 247 321 381 419 545 699 757 776 784 827 829 849 855 858 874 898 957 962 
27 21 101 122 150 153 164 170 198 231 235 271 293 306 323 330 358 418 481 521 678 765 819 822 845 866 906 991 
22 3 9 124 255 359 383 453 569 619 627 630 635 680 688 793 842 858 869 886 903 928 947 
