100 1000
20 5 27 37 91 151 180 299 368 449 463 505 608 610 796 804 811 817 933 975 1000 
17 33 77 94 132 266 285 295 447 509 518 571 750 768 863 869 922 998 
23 7 10 62 95 125 190 241 304 310 369 473 494 542 550 576 587 783 803 835 907 931 939 996 
21 94 214 260 265 278 301 387 424 438 449 509 566 576 590 603 722 779 793 819 871 975 
20 10 23 46 70 83 155 309 329 342 374 453 462 493 502 615 669 694 735 809 817 
11 98 197 544 555 579 643 714 727 741 748 826 
26 92 252 263 288 298 306 352 380 383 443 456 457 469 471 506 531 565 628 727 744 755 758 831 874 895 959 
24 71 105 162 179 236 273 279 283 357 391 406 414 432 603 616 625 663 696 714 718 801 826 828 984 
27 87 129 174 198 202 255 259 309 319 361 435 437 462 486 547 589 647 674 684 731 782 858 892 945 947 979 995 
22 83 89 162 186 190 254 312 373 400 524 583 587 601 604 642 668 723 879 880 926 938 986 
16 171 177 265 267 275 277 379 459 500 590 598 612 638 672 748 979 
25 1 9 42 45 160 200 269 286 307 333 348 390 426 480 497 543 591 619 701 706 733 767 776 889 994 
21 166 169 207 215 390 419 444 585 604 665 677 710 736 737 818 842 914 942 945 965 1000 
30 17 62 67 76 127 133 248 322 379 414 473 519 533 556 564 580 596 605 624 704 723 744 765 875 890 927 935 950 967 979 
23 86 88 124 139 167 170 195 219 277 335 501 515 529 532 647 711 753 784 824 843 957 980 999 
28 3 5 125 133 166 208 243 247 340 345 449 480 566 578 653 688 695 709 733 757 786 853 870 882 903 904 917 941 
21 63 109 114 201 244 276 318 333 354 364 423 442 469 476 497 581 651 725 755 968 970 
20 122 165 249 262 342 370 373 387 394 422 425 456 521 537 617 638 659 779 872 961 
22 78 101 104 167 176 195 350 393 434 452 504 509 514 548 725 736 790 840 865 918 955 971 
21 27 154 162 169 210 287 327 348 393 404 477 496 502 606 638 670 801 808 944 981 997 
21 53 72 86 120 150 182 184 237 375 378 442 449 511 529 608 675 726 736 807 883 915 
24 2 137 197 233 241 251 273 275 280 364 368 563 592 675 679 750 763 798 808 850 854 935 956 981 
15 9 11 59 268 453 458 470 556 578 601 673 692 712 794 955 
16 23 81 159 193 313 320 370 462 567 614 616 661 669 708 887 974 
25 43 184 211 217 219 249 269 278 313 323 355 436 522 640 673 700 783 804 825 851 881 922 983 994 997 
26 17 133 182 201 218 338 347 374 380 465 516 539 644 646 664 724 741 767 809 829 834 880 917 919 945 948 
22 36 55 112 142 154 249 306 320 375 488 499 511 560 612 676 705 748 871 931 972 985 995 
15 55 66 69 114 166 171 184 358 470 471 481 594 633 789 805 
26 19 21 23 35 41 100 134 286 324 357 370 420 490 510 520 626 659 701 735 736 741 757 768 797 931 969 
21 14 52 95 110 116 123 126 294 295 361 384 474 501 597 664 693 777 846 891 930 939 
19 25 60 76 193 205 324 328 433 500 517 551 625 629 638 659 718 762 931 987 
22 87 128 162 183 186 229 278 291 301 316 337 348 356 385 435 546 684 890 893 951 961 991 
16 16 26 49 136 154 180 419 624 640 658 665 690 707 736 821 901 
23 27 28 90 185 346 495 579 593 727 728 732 748 753 794 807 823 833 839 847 866 900 901 955 
24 14 105 168 226 290 300 312 365 412 480 532 631 637 648 685 707 721 755 758 862 888 921 938 992 
27 47 58 88 94 144 149 160 166 230 242 264 355 377 416 459 515 682 686 724 782 798 815 851 876 877 944 950 
21 45 70 78 94 156 194 276 323 370 398 466 508 516 632 652 733 887 903 945 962 983 
25 160 177 191 265 328 340 358 362 387 491 499 586 592 593 604 650 700 782 791 794 849 895 916 961 998 
22 29 153 188 193 239 292 307 348 401 445 459 492 547 563 572 599 703 748 754 788 920 992 
16 2 21 119 138 217 253 256 341 353 553 753 766 836 910 913 939 
21 43 88 107 175 219 282 297 321 333 497 534 606 612 646 699 715 733 758 772 928 939 
19 52 160 161 261 306 307 325 374 430 472 494 712 750 772 774 834 877 914 949 
21 53 117 147 181 197 342 346 347 352 353 435 467 555 590 677 750 778 781 932 936 939 
17 103 155 255 323 336 347 435 530 598 606 769 898 922 924 931 937 946 
18 53 62 66 86 97 104 148 197 250 311 726 741 751 891 913 925 933 978 
26 11 12 33 60 64 70 114 181 243 323 327 358 367 562 626 674 740 807 817 827 831 896 912 921 963 987 
16 134 161 281 309 395 510 600 668 686 697 727 798 832 869 895 956 
35 34 35 37 69 72 82 91 109 143 145 175 220 222 255 300 345 374 406 433 441 538 576 590 611 708 715 793 816 827 854 902 908 958 963 972 
22 58 143 231 344 434 473 499 501 506 519 528 533 606 633 635 652 654 686 702 857 925 989 
20 14 49 74 181 224 264 376 413 423 485 489 670 674 744 746 750 882 895 909 910 
27 1 28 55 72 84 99 102 145 204 406 431 502 520 528 550 557 601 636 675 712 773 829 838 855 946 952 968 
27 27 42 79 104 150 151 172 193 249 284 301 385 408 409 457 603 607 622 623 633 646 788 825 827 911 927 983 
24 77 83 128 129 133 193 227 246 296 484 521 572 590 651 720 729 748 751 819 881 911 960 987 988 
28 287 310 320 401 444 464 522 525 558 573 580 594 612 642 655 681 693 695 777 779 798 808 843 845 846 924 934 946 
27 19 52 56 68 114 140 144 190 208 235 270 303 314 398 484 565 589 627 686 707 739 760 835 860 900 913 921 
19 69 141 179 291 313 334 474 495 536 543 554 559 666 668 788 837 906 907 960 
17 38 42 92 117 206 223 240 264 284 333 382 469 544 635 881 888 998 
16 27 51 56 219 254 435 471 496 601 676 703 801 810 836 963 995 
22 23 111 140 152 164 234 239 370 440 520 530 569 588 600 602 612 650 671 685 749 844 859 
23 9 62 83 90 93 105 221 236 288 471 495 518 551 574 575 594 780 791 835 848 859 870 878 
17 73 115 135 310 410 422 530 544 612 655 674 676 678 767 814 863 967 
19 247 274 276 323 327 385 389 479 511 532 589 608 716 733 734 802 816 819 843 
25 1 13 21 92 133 255 257 261 291 382 535 594 629 630 639 687 693 773 785 804 808 847 853 924 955 
24 21 44 113 184 262 305 323 369 376 396 411 419 491 580 593 614 634 662 713 863 878 922 923 949 
19 80 90 140 267 327 371 406 418 423 424 479 494 599 713 846 876 927 952 974 
17 58 60 119 133 284 292 308 345 442 573 582 595 665 717 812 900 970 
20 5 9 51 62 69 128 146 199 288 310 326 451 572 592 620 670 802 827 950 999 
21 2 50 112 224 228 264 305 366 442 474 487 489 507 526 527 590 693 752 887 890 977 
26 4 61 62 108 131 137 163 185 187 218 280 329 339 397 430 439 525 557 613 618 621 792 853 877 905 916 
21 83 86 114 117 190 192 235 302 480 627 645 680 689 699 712 797 817 822 894 958 968 
16 48 62 109 147 180 321 361 469 519 558 569 648 694 738 747 974 
25 6 84 88 142 169 194 227 232 240 380 398 456 469 484 563 609 675 731 796 797 879 906 907 919 940 
42 56 83 92 99 128 178 179 196 225 254 272 284 293 308 309 339 372 402 408 428 429 475 619 656 668 670 678 707 742 752 756 778 796 802 826 866 900 907 917 949 966 985 
25 48 77 273 292 305 394 403 454 470 471 484 489 503 506 541 565 579 641 651 779 812 825 848 852 962 
25 4 48 60 131 151 238 266 279 288 324 379 392 411 512 523 568 701 722 740 781 785 805 838 955 964 
22 45 54 111 129 198 332 442 465 479 527 536 561 598 633 676 683 722 759 777 866 973 976 
24 21 189 223 346 349 359 388 415 455 490 499 540 561 577 603 715 771 812 834 867 877 885 950 981 
27 10 35 39 113 135 158 293 298 329 340 344 354 357 360 396 448 483 505 648 681 769 804 808 819 832 835 864 
26 32 65 167 239 296 297 330 359 399 517 552 613 650 714 716 741 787 797 816 827 830 886 941 969 972 985 
19 4 10 58 92 247 258 351 375 480 557 583 660 694 728 761 767 841 844 915 
26 54 119 154 171 181 209 212 217 251 355 373 410 415 451 496 558 698 711 785 800 861 882 884 899 929 1000 
16 17 30 91 113 128 134 160 236 271 310 450 619 649 679 983 994 
18 59 101 118 137 312 386 409 465 487 520 583 686 749 813 890 931 939 990 
27 68 157 235 253 284 345 389 432 453 460 463 537 572 583 584 655 704 708 715 742 743 807 808 907 946 954 997 
20 20 22 117 228 244 289 334 347 351 419 471 501 610 681 764 773 833 843 962 993 
26 37 68 105 107 121 181 223 252 286 327 364 367 388 431 461 500 504 558 605 630 699 701 853 890 897 962 
28 57 104 130 233 239 250 259 434 470 485 513 516 547 624 644 649 692 756 765 767 795 805 809 860 894 960 965 982 
18 18 78 96 182 381 415 417 473 532 584 641 657 712 719 727 806 821 975 
22 2 38 40 76 114 122 170 171 203 278 331 343 435 538 570 710 740 794 860 868 927 993 
15 155 173 214 255 311 327 380 456 578 596 601 691 727 769 935 
19 75 81 159 245 317 545 596 600 617 634 686 740 747 767 780 874 891 904 989 
24 43 83 135 149 184 228 230 315 360 397 404 442 456 478 534 604 617 637 730 795 799 873 887 897 
17 8 22 156 358 373 544 549 570 589 636 684 693 720 845 925 953 998 
22 6 24 31 99 117 168 279 333 349 363 446 498 501 518 628 649 707 759 782 810 927 928 
21 47 180 260 277 340 414 416 433 468 477 554 573 605 677 754 770 777 911 945 958 992 
21 10 37 81 88 189 214 324 359 427 482 484 577 598 630 718 773 832 846 856 917 977 
23 14 49 106 166 209 213 216 235 311 352 364 421 475 511 528 537 654 700 799 817 838 943 990 
18 6 15 90 129 154 179 220 300 391 407 436 524 614 667 731 737 775 922 
17 4 124 145 152 177 240 435 442 474 626 655 745 820 831 890 924 933 
16 24 38 85 180 243 321 336 405 455 573 727 795 802 811 822 831 
