100 1000
24 25 42 85 127 236 275 285 305 394 481 493 506 660 665 685 735 777 811 829 832 873 915 925 981 
24 15 102 105 162 213 296 374 416 417 480 530 569 601 608 651 661 723 779 784 809 833 908 913 993 
29 45 76 78 108 110 118 129 140 172 241 390 397 409 442 495 528 583 591 603 649 660 680 759 878 939 947 978 995 1000 
23 54 92 160 192 250 327 353 354 392 439 468 482 512 558 586 589 642 655 776 794 814 890 954 
29 36 47 101 111 129 132 133 146 186 290 294 300 343 346 409 427 449 529 538 579 591 611 661 674 712 722 805 923 988 
14 12 120 163 271 307 378 393 400 555 567 632 648 654 763 
26 31 37 49 91 124 173 211 251 316 333 348 355 356 378 488 595 619 648 667 677 866 917 932 940 982 991 
24 26 56 78 154 223 303 338 387 472 580 616 627 669 693 739 745 762 774 781 846 873 971 972 997 
14 40 122 136 311 344 542 569 598 663 738 781 788 856 936 
19 42 171 191 193 249 304 360 397 411 470 517 526 543 640 663 699 793 800 880 
23 14 22 38 45 56 64 82 119 163 230 377 418 484 517 551 556 578 612 629 676 759 834 964 
24 67 69 75 89 151 195 242 269 313 330 384 420 493 520 574 590 630 709 855 875 884 892 949 983 
22 132 164 239 254 264 367 374 398 408 437 472 489 525 696 734 769 812 816 837 870 914 935 
21 3 6 8 51 181 190 233 265 336 354 410 524 549 624 720 742 795 846 894 942 958 
22 35 60 85 131 177 248 334 437 455 470 483 543 585 715 757 766 771 809 925 930 981 990 
30 37 39 70 111 122 123 205 248 345 354 423 460 477 515 526 528 546 575 596 676 688 695 713 746 759 785 792 844 855 989 
18 171 208 282 299 387 400 531 576 620 683 700 719 729 739 780 826 909 941 
25 78 107 194 203 243 250 292 350 397 401 409 458 524 570 666 681 714 796 820 860 883 899 921 941 996 
22 26 63 148 158 187 320 350 412 530 547 599 601 617 651 704 709 823 830 870 945 965 991 
19 48 141 173 177 221 338 444 462 525 527 581 653 696 717 744 755 841 957 977 
23 50 88 132 182 230 295 328 379 384 443 458 491 502 507 516 592 652 691 812 858 902 935 955 
26 66 68 101 137 145 169 215 221 235 298 334 353 397 419 433 497 566 582 682 710 737 738 745 783 868 959 
21 145 168 184 195 228 287 291 414 580 642 670 673 680 809 837 861 872 916 957 964 976 
21 13 54 66 92 138 158 265 301 326 332 347 386 430 438 472 478 508 671 763 764 980 
19 193 208 219 223 234 304 310 349 360 394 434 452 459 594 604 677 753 869 894 
9 317 561 598 600 635 670 861 922 992 
28 10 46 48 303 353 354 362 490 500 503 513 553 588 603 653 717 730 739 751 771 821 837 843 923 958 963 977 988 
23 81 120 200 290 351 358 437 447 506 525 562 573 678 679 687 707 710 721 823 836 900 901 998 
15 30 88 93 206 208 435 453 481 484 553 617 700 810 878 926 
25 10 25 32 91 95 144 167 314 323 364 403 494 553 556 577 641 660 667 705 714 737 740 956 978 991 
19 104 118 175 203 206 294 317 399 406 490 594 629 698 734 784 799 800 846 847 
21 41 163 164 180 210 259 270 312 322 394 411 412 432 504 641 667 730 733 880 979 987 
21 15 18 37 196 207 314 444 479 559 643 667 682 716 782 807 819 851 862 903 966 976 
18 107 117 401 409 482 514 522 528 558 650 842 851 910 919 934 944 951 986 
23 15 60 223 246 259 326 336 351 464 559 589 615 694 704 763 767 790 819 849 854 867 891 892 
19 54 114 168 196 202 225 274 322 348 395 415 458 507 583 618 672 831 844 898 
19 44 58 113 127 135 224 269 343 402 466 520 527 597 634 697 809 813 887 983 
17 74 87 96 217 237 277 444 491 561 576 629 682 723 776 904 968 974 
16 41 118 120 161 191 208 404 426 523 572 676 698 810 879 912 968 
18 56 103 150 232 261 324 528 560 569 584 588 640 879 891 936 958 992 994 
24 14 28 90 143 158 183 254 349 355 357 367 371 397 445 473 620 643 743 767 815 854 891 956 976 
16 35 61 142 155 272 283 346 415 434 595 716 914 922 932 956 982 
26 4 40 83 84 95 96 164 213 247 284 362 407 435 438 530 616 682 730 733 809 828 911 918 924 955 997 
23 70 95 102 103 160 193 211 250 263 301 359 365 370 406 476 557 614 631 701 747 749 856 867 
34 34 38 62 63 72 82 139 230 258 261 296 324 346 367 370 379 440 460 461 533 538 557 567 613 644 664 666 773 797 836 893 952 970 973 
22 5 79 123 267 275 305 312 337 387 395 458 484 506 522 569 668 730 743 768 846 860 928 
22 73 118 121 147 173 214 222 229 286 328 363 369 444 499 571 621 646 855 876 920 929 960 
26 21 72 98 107 128 143 197 254 255 325 375 389 395 444 454 460 501 520 541 647 687 689 713 763 770 981 
17 58 66 236 301 343 416 446 519 524 661 710 758 804 817 837 902 966 
22 24 52 55 110 197 263 427 467 506 535 616 617 626 631 643 678 704 790 818 823 912 985 
19 12 61 75 160 297 309 391 441 455 463 564 632 646 742 771 775 921 953 977 
26 1 16 100 193 195 202 240 296 300 303 340 376 430 431 494 508 511 512 597 676 756 776 799 878 903 948 
26 6 26 52 53 123 367 373 456 588 669 704 705 727 750 768 783 805 807 822 867 868 874 882 893 914 966 
25 33 40 80 114 173 183 201 206 239 259 306 323 327 360 370 372 401 474 484 537 672 773 876 904 927 
23 3 6 60 170 271 348 362 378 385 410 431 467 543 591 731 748 799 886 892 939 946 969 986 
15 57 107 124 168 190 243 324 362 662 690 693 785 791 847 998 
26 121 214 226 238 273 318 346 349 436 447 488 489 504 541 544 566 568 588 714 758 767 850 864 888 890 917 
22 14 75 78 151 159 425 464 484 510 522 532 534 555 559 638 646 736 765 834 865 910 992 
17 31 60 94 113 142 251 401 451 481 540 548 703 708 802 881 960 986 
22 15 32 67 102 198 321 342 449 484 533 604 625 636 670 684 704 794 799 848 909 937 946 
24 55 66 87 155 202 211 268 269 315 338 426 430 471 512 518 590 606 628 810 824 878 889 984 994 
18 3 77 119 185 189 269 391 458 522 595 599 633 725 829 849 896 907 980 
25 2 28 31 76 148 166 227 283 395 498 520 608 620 692 704 727 750 751 761 820 824 848 851 952 991 
15 68 92 188 443 492 583 589 595 656 686 772 777 797 836 916 
13 17 29 202 315 366 423 542 614 677 713 767 850 865 
21 99 135 245 304 335 340 386 437 442 476 626 650 712 718 723 728 772 790 801 952 960 
27 45 61 173 215 218 252 274 312 330 368 381 440 509 555 571 618 634 687 720 752 786 869 877 890 935 968 995 
19 111 179 192 220 262 342 386 408 430 470 548 612 622 747 758 778 897 955 999 
16 47 91 106 146 260 289 297 348 507 530 539 578 643 732 801 943 
21 7 13 22 35 38 111 139 163 276 373 427 465 491 505 592 642 649 738 748 946 975 
21 171 231 250 257 266 279 349 351 398 436 575 580 694 726 734 744 812 835 839 916 993 
25 14 64 71 148 197 320 328 341 354 412 429 509 547 557 629 711 723 751 754 772 877 890 926 977 997 
22 32 55 92 97 148 149 198 207 302 331 360 387 394 428 457 486 675 739 833 857 868 955 
20 121 132 253 280 304 421 450 654 705 707 712 835 836 885 891 908 923 952 985 987 
28 1 80 86 129 130 157 165 224 302 421 423 448 518 536 610 635 642 669 693 724 738 757 840 852 863 902 917 953 
22 15 46 47 51 53 114 160 375 388 402 421 467 603 647 727 730 795 802 825 871 915 985 
18 70 114 153 191 266 443 455 556 605 680 727 762 823 895 906 964 977 988 
23 27 53 59 120 125 137 153 156 280 298 314 472 495 504 521 550 565 612 702 866 960 966 982 
14 12 72 86 123 150 152 231 277 436 693 753 834 851 933 
19 86 214 244 250 326 342 367 383 405 463 522 540 607 619 630 835 865 877 931 
22 11 34 89 165 181 215 244 269 270 281 350 393 521 672 684 711 717 730 787 801 872 946 
15 37 143 213 256 410 415 469 638 639 640 684 760 827 962 963 
22 64 111 112 249 266 278 280 325 446 586 602 687 712 720 770 798 834 845 858 943 965 980 
16 93 100 150 170 216 331 646 654 689 708 789 794 826 864 939 986 
32 37 43 77 81 87 119 126 153 178 235 249 287 300 305 380 398 487 507 583 586 587 609 614 617 655 657 693 779 845 884 892 924 
16 64 115 120 271 319 373 378 413 591 635 762 808 859 880 935 954 
25 32 54 78 134 177 206 302 350 394 467 475 496 552 569 572 573 578 593 660 667 685 686 733 791 995 
15 81 267 288 348 510 516 577 662 724 790 892 902 917 924 984 
17 32 52 70 82 109 159 187 239 315 413 623 778 795 806 808 908 955 
20 52 61 83 121 167 243 341 374 430 431 497 504 538 564 638 747 772 803 813 870 
20 13 19 31 75 82 188 191 339 355 529 549 600 637 706 728 818 863 878 913 954 
18 65 87 115 149 162 327 348 358 404 444 533 586 610 638 678 799 853 950 
14 61 80 107 311 315 328 485 563 658 720 739 827 902 983 
19 63 176 202 212 315 327 396 481 525 538 567 632 704 714 764 823 827 919 982 
22 9 23 48 206 242 308 341 361 384 458 495 522 545 569 609 659 799 842 848 859 903 976 
18 116 144 147 152 174 199 206 214 324 329 372 514 616 645 915 958 960 997 
17 2 10 72 183 204 209 256 287 310 330 353 507 554 600 676 695 938 
26 13 18 20 90 139 198 261 324 352 382 395 402 422 424 531 629 702 744 790 803 853 864 904 905 917 967 
22 45 118 125 153 241 293 296 342 377 421 445 485 533 590 612 624 671 741 815 838 957 961 
16 51 106 110 170 213 278 347 403 427 451 507 541 631 689 767 784 
