100 1000
49 16 60 64 85 131 168 188 193 198 214 242 250 266 273 281 319 326 355 405 432 437 458 488 490 492 547 551 564 576 591 634 661 668 718 737 744 750 781 789 818 839 865 868 878 885 905 935 951 957 
66 26 86 95 103 151 168 228 240 271 280 288 316 321 350 362 378 384 393 416 417 431 465 514 543 556 584 585 603 611 626 633 634 652 669 673 687 700 719 725 726 727 728 731 735 741 747 750 770 772 789 797 798 800 801 803 842 856 866 870 920 928 945 953 971 974 975 
51 8 13 21 35 43 49 52 141 166 170 181 198 202 225 233 302 304 321 324 327 337 342 357 361 389 392 424 480 499 512 574 606 624 632 644 674 677 704 735 828 833 842 880 886 926 941 944 969 985 987 996 
50 16 26 52 53 94 104 111 119 124 157 171 200 206 218 235 250 267 292 329 396 450 460 481 490 496 499 558 567 570 578 597 608 640 653 676 688 723 725 738 786 829 831 856 885 902 940 949 977 980 983 
40 3 15 67 83 136 185 195 197 212 257 264 273 316 377 391 400 489 498 615 638 654 666 679 712 719 741 746 800 802 853 872 890 910 920 922 924 958 969 997 1000 
42 1 5 9 12 39 49 73 110 122 128 158 182 239 250 266 285 337 436 449 481 496 510 518 622 670 685 710 762 763 764 772 799 816 821 839 881 882 918 946 966 992 1000 
43 4 46 62 104 147 166 186 208 259 276 305 341 370 380 406 444 465 491 572 582 616 625 644 647 666 668 684 704 713 722 754 756 778 793 801 809 815 828 864 953 986 992 994 
55 9 42 46 55 66 89 129 130 138 165 172 184 203 210 214 252 254 272 291 308 310 317 364 404 406 413 452 490 494 502 523 538 570 582 596 597 635 653 658 671 697 722 737 750 753 773 794 796 841 854 877 893 916 966 989 
53 14 57 64 74 83 110 129 134 139 159 193 195 212 232 245 255 293 318 330 358 361 398 404 405 421 438 474 478 481 495 521 567 583 609 616 629 642 664 696 717 813 818 839 861 891 893 908 933 949 961 969 984 1000 
48 53 82 89 96 107 160 166 213 221 256 269 303 324 332 335 336 358 367 381 386 389 427 435 472 480 490 526 527 567 573 587 628 681 723 746 786 793 822 830 834 835 855 902 910 918 978 989 999 
54 13 20 43 74 95 100 112 124 139 154 188 209 288 313 315 326 332 349 369 417 439 445 448 453 497 571 573 574 609 637 640 690 695 706 710 724 760 772 802 840 849 854 855 860 892 894 905 917 933 936 952 955 969 982 
43 2 37 64 100 174 188 224 228 269 288 305 398 414 423 464 500 512 524 592 593 606 639 642 660 670 676 686 734 735 741 760 761 767 799 814 850 890 932 952 972 983 993 997 
53 6 18 29 47 58 62 112 116 120 172 183 198 212 217 243 265 283 320 332 372 373 379 380 406 412 415 502 503 524 531 534 538 565 582 635 643 660 701 708 713 745 766 794 797 811 870 899 917 924 944 977 983 996 
41 7 49 110 217 222 274 279 296 323 360 362 367 373 378 397 461 513 521 528 539 570 599 647 667 680 685 696 697 717 722 732 741 774 778 804 814 908 917 937 938 971 
57 1 18 68 93 95 99 117 158 163 171 190 197 204 217 231 241 254 256 269 272 273 287 328 346 352 356 359 363 372 431 448 452 479 489 500 523 530 594 615 624 630 650 664 666 668 737 756 784 807 829 867 879 903 921 936 958 970 
46 73 115 120 153 154 176 215 224 278 325 400 401 405 445 459 475 481 486 536 558 604 619 623 645 650 651 654 688 715 732 745 771 786 793 806 807 875 877 884 893 939 966 978 992 994 997 
51 6 18 28 65 69 83 91 142 150 155 164 186 221 223 258 264 318 334 364 398 442 464 480 505 519 521 535 549 552 564 575 591 599 614 639 669 685 723 737 762 764 800 823 825 852 853 856 877 894 909 959 
43 10 12 47 99 125 137 146 173 176 177 207 211 212 224 225 231 247 249 251 299 387 404 414 457 473 517 565 615 619 622 644 671 707 717 735 738 794 838 848 880 887 939 954 
56 2 45 47 49 112 118 124 140 145 149 167 183 210 266 272 279 281 292 294 297 298 397 403 444 446 448 485 502 517 547 566 588 593 630 637 667 688 717 735 741 762 779 813 828 829 836 896 936 949 954 959 963 970 976 983 988 
50 10 41 47 71 85 99 104 127 175 192 211 224 230 241 249 278 297 302 306 309 404 415 422 428 487 500 501 510 572 576 595 615 617 633 650 712 782 786 824 830 836 844 894 899 915 927 943 946 967 991 
46 14 21 74 75 127 133 137 148 173 175 176 213 282 299 334 358 398 420 450 520 534 590 600 611 612 613 619 636 651 663 686 704 713 749 791 815 874 888 896 903 910 913 914 928 943 995 
50 1 43 105 125 153 156 164 199 204 228 261 328 340 346 364 374 381 421 470 472 483 495 507 515 539 555 561 590 598 650 700 783 840 841 870 883 892 901 903 905 916 924 928 933 937 940 954 960 991 992 
55 25 58 63 64 93 103 156 158 161 172 202 209 215 255 274 290 304 334 345 355 363 385 386 411 414 417 421 441 469 472 480 501 506 527 548 568 597 605 649 669 703 715 748 755 801 816 829 832 864 884 886 894 928 950 998 
53 35 48 76 79 82 86 93 108 144 157 222 252 261 270 290 300 349 407 423 424 426 468 470 475 481 484 491 518 524 531 555 580 583 586 597 605 623 651 653 689 702 705 718 742 753 765 825 850 884 906 963 978 981 
56 34 35 44 56 71 148 154 156 195 199 206 221 238 251 265 278 299 315 331 338 372 399 412 434 438 448 453 476 478 499 523 531 536 587 591 617 630 637 639 658 671 714 723 725 730 752 779 798 800 820 825 901 903 939 953 979 
50 33 37 39 110 127 143 175 203 206 218 225 231 232 234 249 289 325 333 355 364 368 375 388 393 401 436 478 492 552 556 565 597 620 646 689 702 718 745 788 810 812 838 841 853 855 925 935 949 986 1000 
56 35 54 78 84 86 102 111 119 120 153 167 195 197 216 219 229 245 251 286 308 323 340 357 363 377 379 399 417 449 457 487 493 504 518 608 656 668 672 745 754 761 796 833 835 842 844 850 877 884 896 901 921 943 954 975 980 
56 19 37 54 55 78 94 96 115 137 164 165 168 169 173 183 204 215 223 233 263 292 315 320 323 324 362 370 382 443 460 466 474 490 491 577 584 607 635 657 673 691 693 698 704 705 706 752 763 769 795 799 843 901 929 937 969 
43 29 89 106 152 153 166 245 261 288 310 311 361 375 384 403 422 494 541 560 588 591 602 615 629 661 665 687 694 705 726 741 745 749 751 792 799 812 830 835 898 910 932 934 
42 33 39 134 174 209 216 228 239 253 260 391 470 480 492 513 536 537 547 586 597 635 660 670 689 725 740 753 800 806 821 835 844 885 899 904 914 929 941 953 969 972 993 
48 3 4 19 30 46 58 61 67 82 110 113 135 140 182 193 202 218 314 322 375 403 406 413 414 444 484 540 564 588 591 599 607 611 616 620 635 660 672 677 718 729 750 778 810 840 916 934 995 
58 1 8 25 27 36 39 40 71 97 122 157 159 182 184 192 209 226 227 231 249 259 262 263 293 296 328 333 432 465 508 518 521 543 549 552 562 587 604 622 691 767 770 775 785 829 837 840 842 847 854 856 867 881 889 890 918 926 955 
51 24 43 51 58 60 78 96 146 162 213 237 251 271 273 329 439 450 458 497 502 503 526 530 551 562 581 585 613 629 630 641 649 666 675 712 724 737 748 757 774 775 777 841 871 896 897 913 916 923 957 986 
61 26 42 80 110 118 124 129 135 141 150 172 232 242 264 286 289 306 321 327 329 347 349 352 363 364 379 381 388 403 445 456 465 490 509 531 543 548 559 565 593 594 631 648 669 679 724 726 763 768 819 836 852 854 881 882 905 911 956 960 962 982 
55 45 49 60 65 66 107 118 129 143 148 156 159 215 233 242 247 259 260 301 313 317 335 354 355 387 459 524 535 560 567 569 589 649 653 664 674 678 682 702 733 739 746 747 781 827 828 866 867 886 894 906 908 920 934 937 
44 18 30 56 111 128 145 147 151 167 241 265 305 317 329 335 353 368 375 405 411 418 422 484 510 562 566 581 604 651 695 697 719 748 755 773 825 888 901 950 956 965 969 987 989 
57 24 48 69 70 87 89 93 100 106 168 169 173 180 202 211 247 302 363 374 381 423 435 444 448 450 485 538 545 554 570 572 589 646 653 658 663 680 704 707 715 738 739 756 789 791 816 825 827 853 855 856 864 865 897 906 954 968 
41 96 114 134 147 163 249 256 264 269 289 330 350 376 433 443 471 475 476 496 557 594 619 621 628 634 650 718 735 736 763 789 802 822 827 831 834 859 906 943 972 1000 
44 3 49 119 121 199 200 206 217 254 278 305 322 328 332 344 362 373 387 445 452 476 488 554 571 586 590 591 623 639 680 683 744 756 786 800 814 817 844 881 915 925 940 945 964 
45 20 29 32 86 92 99 125 132 139 144 204 239 294 322 325 330 332 340 401 420 497 538 543 545 549 559 603 622 666 679 692 722 770 786 790 838 865 909 910 924 928 931 964 984 989 
60 14 17 20 40 58 104 108 109 122 129 133 137 143 156 157 160 170 212 215 218 219 235 241 243 246 249 255 256 267 278 297 310 330 331 344 357 373 390 394 401 404 457 507 512 590 636 655 690 699 713 758 761 823 826 857 900 901 919 977 998 
55 7 35 43 57 84 118 125 157 182 192 193 211 218 279 291 302 306 317 350 367 390 395 406 428 439 449 462 467 516 529 531 537 554 601 615 670 749 753 775 791 796 817 849 866 867 878 893 900 926 934 936 951 952 961 963 
57 11 24 43 66 80 94 97 110 121 124 133 146 157 192 214 219 231 242 245 251 292 297 298 317 381 394 401 415 435 453 455 474 490 519 525 535 542 569 583 588 607 628 633 637 706 711 733 760 778 781 804 814 867 888 893 899 960 
58 15 20 37 38 52 59 60 66 90 130 132 141 171 208 214 216 254 308 315 362 394 402 403 407 411 436 444 450 461 469 474 491 493 509 526 549 565 611 632 666 699 705 730 749 750 777 784 792 801 823 830 874 877 887 909 942 961 978 
53 35 65 69 85 135 153 157 181 184 185 204 246 250 260 261 269 275 295 309 338 350 384 403 410 441 442 461 464 514 520 561 571 625 677 679 698 705 708 712 719 755 759 810 823 843 902 915 931 942 944 972 987 992 
45 22 24 28 29 45 102 109 119 142 214 225 227 278 280 282 305 312 318 381 384 385 390 432 457 503 516 551 638 650 665 677 709 765 770 780 784 803 817 825 836 838 869 951 973 999 
54 7 23 70 89 91 114 122 132 157 168 174 184 191 196 227 254 286 319 331 339 359 362 371 380 391 419 462 489 494 516 518 529 550 559 565 575 589 672 712 754 760 771 776 780 817 828 833 885 900 904 931 938 979 988 
48 28 44 99 106 108 110 128 192 195 259 281 309 312 318 335 359 369 376 389 413 451 465 466 493 568 582 590 604 612 638 664 696 706 730 732 766 773 776 778 788 802 837 855 863 891 894 930 988 
63 10 18 34 55 69 83 152 153 195 229 241 360 367 373 389 396 400 403 408 452 460 461 476 485 496 501 508 514 533 549 552 554 564 579 606 611 616 630 631 638 659 662 677 678 707 740 749 759 762 766 789 819 822 840 883 890 894 898 902 910 926 987 996 
52 7 20 26 148 153 170 185 193 195 255 269 271 315 319 344 350 359 397 453 471 493 510 514 523 538 541 545 560 565 571 576 608 611 615 621 623 651 714 724 726 780 789 791 810 811 846 866 887 891 904 975 1000 
58 35 40 52 78 89 136 138 145 155 172 180 214 232 234 252 256 296 297 298 312 347 351 356 357 373 402 423 436 447 463 471 503 518 526 537 560 569 573 586 605 617 632 637 665 679 809 822 831 852 858 861 891 901 936 938 957 970 993 
49 54 59 68 98 126 129 141 150 166 184 202 213 232 257 310 324 375 382 388 408 410 418 431 436 457 463 478 491 495 549 592 596 669 678 708 736 739 757 763 765 771 804 812 828 841 881 906 937 939 
52 25 46 62 76 104 107 116 117 122 134 167 175 188 201 202 279 287 291 348 389 390 400 439 440 484 517 519 562 614 637 687 692 698 727 734 744 779 788 789 801 803 816 818 819 835 840 859 876 891 920 959 975 
59 12 13 24 46 71 80 121 149 150 152 179 180 184 203 231 234 236 271 290 311 336 387 394 399 417 419 423 444 482 498 516 531 543 552 563 584 631 639 642 649 651 700 718 721 730 743 759 806 812 826 839 844 851 903 908 923 933 978 983 
48 13 50 66 91 124 125 144 145 155 168 187 194 201 296 309 325 337 340 347 389 402 411 414 433 450 507 509 557 568 576 597 611 627 673 676 684 693 716 742 745 817 835 839 841 896 931 950 975 
63 19 32 38 39 74 81 98 114 125 154 164 165 228 235 262 272 339 341 444 461 501 505 514 551 557 566 567 568 570 575 576 580 594 597 600 605 613 614 627 628 631 642 645 661 709 725 743 744 763 777 781 805 825 829 833 836 843 858 859 872 879 897 964 
65 27 35 61 90 92 97 98 115 117 120 122 124 135 144 157 159 171 193 198 220 242 269 292 301 316 325 331 343 346 375 380 381 394 398 421 424 448 456 477 479 496 519 588 589 610 622 623 633 661 663 683 697 723 730 739 773 779 866 898 906 933 951 962 970 984 
45 24 33 40 44 100 105 132 183 187 259 271 282 305 307 309 347 362 364 373 392 395 444 472 475 555 559 568 671 679 685 690 721 727 737 767 779 805 812 857 871 880 957 964 971 997 
62 52 69 75 90 103 106 108 115 140 144 155 157 178 200 247 253 265 266 290 307 318 319 341 374 386 392 401 403 457 469 476 500 530 582 584 588 606 621 653 674 688 722 762 767 768 787 839 865 871 879 899 902 914 917 945 947 962 963 970 973 976 1000 
58 1 4 43 45 111 118 119 134 172 212 225 242 264 265 268 279 337 349 365 366 368 376 388 408 420 438 448 451 457 530 540 565 581 619 624 637 644 692 696 725 732 738 742 747 757 776 812 819 842 848 852 892 896 897 908 919 972 991 
51 21 36 69 95 116 142 181 193 210 216 249 276 339 349 355 371 376 398 427 431 440 443 539 561 574 631 632 637 671 678 739 744 759 809 828 830 833 836 853 866 876 911 912 932 946 953 962 974 975 988 997 
49 23 29 45 63 105 123 128 147 182 193 221 248 264 311 326 366 386 410 441 453 478 482 489 496 518 542 590 601 625 627 661 680 683 693 712 715 733 748 814 817 834 891 904 906 936 955 970 974 990 
51 53 68 88 91 92 95 130 156 193 195 207 215 262 270 293 299 303 323 341 349 358 359 392 410 424 425 426 443 494 535 578 587 596 612 626 641 667 716 768 801 809 825 835 845 853 888 896 919 921 965 981 
57 23 42 88 90 101 103 131 134 206 214 218 226 236 243 262 271 273 276 356 358 363 371 384 387 400 420 458 473 484 495 512 515 522 535 537 545 581 627 660 671 676 688 719 736 757 780 836 866 963 968 972 983 986 991 992 994 997 
55 15 51 68 92 96 112 113 120 123 136 166 170 182 190 194 197 250 257 259 279 288 298 320 341 366 426 442 464 469 482 501 546 558 573 582 588 656 662 664 682 694 697 704 714 743 762 773 798 805 856 871 906 913 920 974 
53 4 21 50 67 71 88 90 125 139 152 191 193 247 261 267 270 302 316 342 405 465 516 526 541 548 552 559 583 609 672 695 714 725 730 749 755 759 780 802 806 813 835 859 874 891 903 914 929 942 945 993 995 997 
56 45 49 61 85 94 115 148 185 190 191 229 243 259 278 331 355 361 362 373 411 428 456 468 492 503 505 513 514 526 540 554 557 569 602 626 644 646 651 662 684 704 759 762 768 775 776 786 846 848 917 945 963 966 972 978 988 
47 22 44 59 63 120 137 202 213 219 236 243 257 301 309 314 337 341 363 400 414 418 419 430 459 495 514 525 540 546 549 584 588 662 710 730 773 790 808 869 875 893 895 910 914 963 980 990 
54 31 52 73 111 129 154 168 195 205 229 243 253 298 308 314 328 331 353 368 390 438 440 442 535 563 590 591 594 604 634 637 641 653 654 670 672 679 702 708 721 749 752 794 812 851 859 879 891 892 896 915 944 945 955 
49 12 15 25 69 82 87 109 165 170 191 221 232 251 283 294 326 338 368 370 413 420 431 459 462 492 570 581 599 612 614 662 678 688 698 699 727 730 741 749 753 766 773 783 820 834 868 873 887 988 
43 6 12 118 205 211 251 313 318 339 350 392 396 409 415 424 427 441 445 460 553 554 571 587 619 634 688 700 706 717 722 732 733 756 779 784 816 836 842 876 882 885 933 951 
58 13 42 82 87 150 172 193 201 219 228 242 303 307 315 321 344 371 372 375 382 384 386 389 400 403 406 436 498 508 528 537 543 549 582 584 644 645 666 686 688 699 741 768 775 776 788 813 816 834 835 855 880 894 907 936 954 970 983 
53 8 31 51 71 72 78 87 96 122 126 135 148 195 218 220 229 252 282 289 327 329 365 378 415 462 464 529 536 542 559 642 649 653 687 689 700 702 709 711 737 740 742 755 779 797 812 849 869 934 936 955 980 985 
52 8 33 36 38 40 104 132 135 151 155 164 189 193 238 265 286 303 338 360 363 372 379 389 402 403 429 512 518 532 593 597 627 643 647 659 666 730 755 816 817 832 882 886 890 909 911 934 947 948 955 972 992 
49 6 61 68 73 102 118 134 152 153 228 260 274 292 355 375 383 389 405 438 465 487 488 531 537 546 575 583 589 639 660 661 667 699 722 738 755 761 788 818 837 840 841 926 930 946 980 988 996 998 
56 10 31 45 53 80 86 163 183 185 224 250 322 327 358 391 405 423 428 439 473 481 503 511 528 533 556 561 573 595 619 622 630 654 670 675 698 709 713 737 757 777 829 862 878 884 921 937 938 959 963 967 968 972 979 980 997 
40 1 8 11 16 17 31 45 46 48 125 127 161 228 238 296 300 325 425 437 456 542 570 575 602 604 618 631 643 650 722 724 736 756 767 774 857 962 963 964 967 
54 38 57 95 114 134 167 168 195 198 201 224 248 257 303 325 331 334 348 371 388 405 420 439 455 473 478 525 527 579 588 599 607 610 645 652 657 678 716 718 732 751 773 784 819 840 849 851 864 885 892 895 904 948 966 
43 41 69 108 149 178 201 202 247 301 307 311 333 335 376 395 413 425 466 471 481 495 507 534 547 559 560 573 579 620 626 632 658 683 711 714 742 760 835 845 847 872 893 903 
53 17 58 62 72 109 115 117 126 165 231 262 274 303 311 317 318 340 354 408 434 463 471 473 477 484 518 519 534 539 581 584 593 600 627 640 662 675 685 723 770 794 800 801 829 846 862 870 883 921 924 925 943 977 
54 11 40 71 73 77 78 108 123 126 128 135 177 197 218 228 305 310 325 355 403 404 418 424 440 458 466 480 481 486 489 513 516 552 558 587 609 621 628 637 640 661 663 683 698 724 750 757 808 876 887 900 924 928 931 
54 1 37 88 102 104 116 119 125 156 175 177 193 224 253 257 262 275 303 306 333 396 437 458 477 490 503 535 551 592 627 645 668 707 715 718 727 763 776 819 823 840 856 862 867 900 913 924 938 953 961 972 979 983 999 
46 26 54 64 102 138 157 165 197 210 225 228 248 285 289 291 329 381 384 389 421 438 452 494 503 513 529 537 550 563 569 579 584 599 655 661 730 731 733 750 799 844 850 881 939 959 982 
45 75 126 147 156 175 178 217 252 253 279 281 294 323 341 377 386 396 448 486 497 498 510 518 558 572 595 624 628 630 674 692 695 699 723 726 759 797 824 864 876 902 904 907 969 993 
45 28 45 50 57 63 82 110 187 196 216 237 254 296 298 325 332 360 363 464 482 504 521 556 564 574 604 608 631 637 687 696 700 705 714 723 729 739 740 764 785 803 810 847 856 916 
57 22 24 99 106 166 172 189 211 223 230 238 250 257 290 299 305 310 331 336 337 397 426 441 445 464 492 507 546 569 572 578 590 596 597 656 671 689 696 713 714 722 741 743 747 768 813 831 837 852 864 895 906 913 919 934 937 975 
45 9 45 134 150 151 171 187 208 220 225 226 235 276 294 307 309 351 353 456 471 477 505 508 509 568 574 607 634 660 683 729 742 803 837 841 851 863 876 886 925 931 941 959 962 982 
59 18 28 38 40 52 62 64 66 68 69 74 112 121 139 195 205 208 227 232 293 296 297 338 339 355 398 438 458 482 518 550 556 558 563 566 570 595 615 620 640 641 645 650 733 761 773 783 789 803 833 874 892 902 944 949 950 960 978 981 
45 22 49 73 82 89 121 131 145 163 169 193 195 232 244 274 286 336 341 389 423 439 445 471 476 477 542 544 550 564 579 599 600 624 678 687 703 716 846 852 858 914 921 950 951 967 
47 14 52 74 93 95 135 167 191 199 203 204 218 220 229 230 240 244 257 270 287 308 332 392 398 403 408 417 450 540 542 567 568 571 579 588 611 677 683 744 749 759 825 836 908 956 969 990 
45 41 58 88 112 150 155 175 188 233 320 322 328 336 337 375 378 386 406 421 425 484 491 558 590 592 656 710 762 763 768 771 823 833 838 842 843 877 905 908 913 928 962 978 979 991 
58 13 19 22 64 75 77 88 91 97 130 179 180 203 218 238 242 244 255 276 349 362 368 396 399 410 419 446 456 463 465 501 511 513 531 539 553 567 604 616 633 649 702 725 745 747 772 777 784 807 818 870 877 893 898 901 902 936 953 
48 19 26 41 77 117 123 140 152 187 194 212 214 223 249 290 315 332 356 410 414 416 432 454 482 484 485 538 559 592 599 603 639 676 682 691 693 698 717 733 748 757 758 762 778 844 918 919 962 
50 95 100 103 111 112 141 145 183 204 218 239 243 277 280 317 371 381 407 445 484 496 531 558 585 589 591 592 638 649 663 677 679 709 720 730 735 748 751 810 820 828 829 834 840 859 896 914 968 981 984 
52 38 44 56 101 119 120 131 134 149 157 164 183 222 225 230 252 284 314 318 370 394 412 419 420 430 467 474 533 547 562 574 591 616 619 627 638 656 667 691 693 720 755 761 819 835 846 871 881 925 988 989 996 
47 15 33 34 66 118 126 160 177 192 237 250 254 261 266 300 313 382 384 435 444 491 509 517 531 557 614 623 644 653 661 663 671 685 695 708 728 736 739 791 802 807 810 892 947 959 966 971 
50 14 20 65 73 93 126 149 276 292 324 348 349 374 386 397 399 441 443 461 507 530 548 556 566 611 635 702 710 744 757 764 776 796 825 849 862 871 882 890 891 893 896 901 915 923 939 956 983 993 996 
47 13 26 54 57 119 148 180 229 230 233 247 258 269 336 358 364 385 401 443 469 473 478 487 501 504 506 593 621 652 663 665 686 690 730 747 776 827 855 898 913 921 932 962 963 979 987 1000 
44 33 49 66 67 84 112 115 153 172 177 200 201 205 208 228 254 256 258 279 294 297 404 442 497 499 506 525 533 618 619 624 647 663 665 697 716 798 895 915 940 972 981 992 993 
41 11 34 52 114 115 116 202 215 219 245 265 306 325 327 347 428 434 439 444 452 474 479 520 537 539 558 580 602 614 632 756 776 777 790 813 893 921 922 926 932 964 
