100 1000
53 5 41 43 86 93 144 150 162 198 258 282 290 295 322 323 332 347 358 365 393 408 409 417 459 489 493 530 565 570 577 659 668 670 693 706 711 719 776 789 806 826 828 833 843 871 877 939 941 943 960 962 973 997 
42 9 59 74 102 144 151 159 163 165 185 189 192 193 199 207 215 226 257 316 347 367 381 382 384 399 458 469 514 559 584 585 720 795 798 805 854 880 923 934 942 953 998 
45 61 97 188 210 218 226 228 233 254 255 257 271 289 293 342 346 357 433 454 489 502 523 551 559 606 622 678 682 710 713 716 724 743 760 771 774 792 793 832 838 842 872 906 918 952 
53 6 38 46 76 100 111 126 139 152 159 173 186 187 228 249 256 266 292 304 307 314 352 354 363 398 420 424 487 488 498 529 568 577 650 662 667 707 745 749 758 795 807 813 825 836 847 871 878 929 941 954 967 977 
59 5 8 25 29 60 100 112 158 172 182 183 234 240 250 307 336 341 343 345 368 414 430 431 432 433 437 456 459 462 464 573 588 593 602 617 632 646 656 671 680 698 709 714 715 725 781 785 790 800 808 842 850 862 869 872 895 960 977 993 
38 27 55 58 76 90 114 165 190 194 288 289 307 352 355 361 375 388 429 533 580 595 624 676 694 736 742 789 790 793 798 821 824 865 866 891 915 929 934 
44 74 97 103 107 118 183 185 201 230 251 272 285 314 332 336 353 355 363 432 490 502 557 571 585 605 619 638 648 651 689 690 695 702 757 804 821 843 871 873 895 908 955 970 974 
64 45 72 77 88 100 113 134 135 170 196 219 223 312 321 323 336 338 343 354 388 392 407 409 411 448 461 467 487 492 517 518 520 523 535 585 586 591 612 620 629 635 637 644 658 697 705 708 715 745 747 773 788 789 800 814 870 882 898 906 907 933 935 980 999 
57 1 22 39 45 66 73 119 123 124 130 131 150 244 249 262 284 310 324 352 354 355 366 373 387 402 434 436 445 452 484 497 505 507 515 560 595 600 617 624 625 642 645 671 704 729 740 758 810 820 860 862 901 913 922 961 965 976 
50 3 13 30 49 67 149 162 169 183 220 239 249 291 309 311 316 331 346 352 355 400 404 414 428 431 469 497 500 517 524 532 556 579 633 642 666 689 694 723 763 814 831 852 868 899 931 933 961 976 999 
51 43 44 61 74 80 87 114 126 131 151 158 159 170 216 219 221 239 281 301 333 374 395 411 425 431 433 449 453 456 462 482 506 518 541 553 573 600 601 648 710 735 746 748 759 826 847 860 915 917 936 999 
49 27 30 90 98 107 121 128 135 151 163 166 167 197 211 230 232 248 252 281 295 310 314 402 422 427 439 468 475 477 522 552 566 573 602 621 650 666 708 729 787 826 847 859 916 920 923 976 989 992 
57 7 29 30 53 72 95 113 132 137 168 195 200 263 267 290 304 325 336 360 379 390 407 410 411 412 416 426 434 448 464 472 483 490 492 495 530 539 566 579 640 659 684 693 699 701 739 745 752 780 790 825 862 891 932 937 941 961 
34 4 26 84 147 157 172 185 198 275 293 350 401 417 444 452 473 492 515 529 574 585 589 657 670 705 709 760 775 786 791 878 888 936 947 
39 23 30 44 46 138 160 168 172 190 212 236 243 258 277 296 334 352 366 410 421 437 470 484 489 498 501 507 511 520 550 596 649 672 719 807 862 889 933 960 
63 5 18 29 33 36 37 44 66 107 126 131 137 191 214 223 224 243 251 254 274 310 327 350 356 360 368 398 431 457 482 485 487 505 551 579 582 583 584 592 593 607 631 635 690 723 752 758 763 783 788 805 819 820 838 850 869 904 951 957 962 975 991 994 
66 5 11 33 36 50 73 85 107 140 181 195 208 247 264 288 294 334 341 342 382 387 423 428 441 450 455 457 471 506 512 524 607 614 621 626 629 637 651 658 663 665 668 709 722 734 738 741 756 762 785 811 818 822 826 869 871 875 882 891 897 925 928 969 976 980 999 
40 35 55 77 81 91 111 153 155 176 180 187 212 234 252 322 326 331 341 370 387 445 453 482 575 637 639 648 663 687 710 721 770 808 826 833 860 862 915 916 934 
46 11 22 90 146 165 181 186 211 225 252 257 285 300 328 367 379 402 426 431 441 462 486 487 490 498 501 511 519 535 608 718 727 732 739 790 802 815 842 855 860 877 879 915 938 947 998 
40 12 32 64 81 108 175 204 232 235 237 271 283 295 317 321 341 412 454 464 484 503 511 522 537 559 571 603 606 608 612 620 691 702 715 717 766 879 909 960 979 
44 1 42 97 100 132 143 150 178 181 203 210 227 233 247 350 356 369 442 471 478 491 550 558 568 612 634 643 670 692 700 708 719 778 782 801 834 844 853 917 960 965 967 981 984 
50 9 20 21 36 71 79 87 111 198 206 299 331 348 363 368 370 380 397 415 416 422 432 433 441 486 514 517 521 524 532 565 582 594 637 714 746 759 785 798 801 812 822 836 857 930 951 954 976 977 990 
41 24 36 45 46 59 76 126 130 137 162 179 198 205 217 227 250 259 261 323 400 402 410 428 432 460 466 473 490 532 546 563 565 583 585 639 716 809 871 875 953 990 
42 16 26 28 69 84 92 127 130 139 152 193 204 225 239 260 290 304 332 335 348 358 403 421 470 503 513 542 595 627 628 644 657 661 697 766 783 815 816 887 893 905 949 
63 21 25 30 48 53 56 73 83 102 117 119 127 168 186 219 223 224 239 248 254 268 271 272 297 319 326 359 366 367 415 421 426 456 470 477 509 511 536 553 564 567 570 612 614 618 655 717 747 751 753 762 765 767 795 798 823 838 879 942 960 969 997 999 
41 10 44 73 109 129 131 146 152 189 201 203 208 228 230 347 374 438 478 482 483 510 559 589 608 645 680 702 718 758 816 848 855 868 905 913 919 931 935 942 955 964 
52 19 42 75 116 143 149 153 164 192 195 196 262 280 290 293 312 320 341 353 358 361 407 414 446 475 488 499 536 627 628 632 655 658 724 728 729 782 795 833 841 864 873 900 920 936 940 964 965 970 979 993 996 
47 49 57 84 160 229 231 236 238 245 263 274 324 326 340 358 364 385 431 438 484 495 509 524 578 603 618 623 633 638 644 683 688 697 698 715 741 817 866 885 919 922 924 934 974 980 984 993 
49 6 32 57 125 128 133 145 174 175 203 265 324 329 335 336 340 346 410 491 513 541 544 561 571 577 582 583 611 635 659 699 739 754 797 811 821 830 834 864 870 883 887 906 917 930 936 946 952 969 
57 29 63 65 140 164 174 185 199 212 235 250 251 256 291 325 330 341 352 357 373 376 387 401 404 407 412 459 470 481 493 494 522 524 539 543 559 594 608 612 620 637 643 707 752 761 823 828 864 881 886 890 894 907 957 959 998 999 
50 19 33 34 40 50 70 100 103 128 131 164 169 204 216 219 232 235 260 363 375 435 447 467 502 522 530 532 533 572 678 701 718 728 755 761 765 782 816 829 858 882 919 931 937 951 952 960 963 972 981 
44 65 104 115 119 138 140 141 153 155 225 234 274 354 395 410 428 449 498 509 514 535 544 558 560 597 627 629 633 668 694 695 700 736 778 789 800 813 842 875 895 901 955 963 994 
50 3 26 41 71 109 110 116 121 126 148 158 183 194 262 283 300 306 327 334 337 380 394 395 397 417 425 428 437 441 444 536 559 562 643 703 716 744 774 803 807 826 838 842 864 874 901 942 951 981 983 
50 4 5 8 41 78 103 117 124 135 150 178 181 203 230 251 263 270 280 284 286 346 385 389 393 400 412 423 449 529 534 546 577 603 640 670 677 682 684 698 716 730 803 813 815 833 852 915 953 985 1000 
59 14 15 55 64 68 79 91 92 95 112 120 123 124 146 182 184 185 213 218 226 233 268 297 303 313 330 386 390 462 463 490 493 505 512 561 575 577 579 595 603 606 627 683 721 724 748 761 768 789 830 877 889 893 908 919 937 954 969 980 
52 25 35 36 37 53 56 61 78 112 140 152 161 188 204 208 213 220 266 347 366 367 406 416 425 433 440 444 463 473 503 511 541 543 556 559 570 576 605 671 737 781 787 789 824 825 832 893 920 933 945 952 1000 
45 44 50 82 93 115 116 138 143 146 155 168 182 188 220 242 244 281 282 302 321 360 364 369 378 419 464 472 476 498 514 553 560 648 688 695 742 750 773 788 813 837 864 948 975 983 
43 16 94 102 142 151 186 198 252 265 296 314 341 347 382 388 389 403 496 508 520 555 569 578 583 586 600 636 679 769 771 776 796 813 830 840 866 881 885 929 931 964 971 993 
46 32 36 39 43 45 69 88 118 160 185 192 197 203 205 209 261 262 272 278 319 321 334 336 348 423 479 514 532 540 553 588 623 631 650 653 709 726 742 744 784 797 798 811 846 906 983 
46 27 50 64 73 80 132 140 149 197 198 207 251 276 293 335 342 356 361 383 414 430 433 460 512 522 523 534 602 604 611 636 663 689 707 722 750 753 767 778 781 828 835 868 872 887 904 
57 3 12 39 53 62 106 108 151 166 212 227 228 234 248 254 256 259 269 298 299 318 322 333 345 376 386 394 452 455 456 458 460 471 481 516 534 556 591 608 614 615 645 656 669 709 726 766 787 789 800 807 827 881 882 942 951 954 
59 5 6 30 46 58 60 78 83 93 129 140 153 159 178 192 204 225 238 255 290 301 306 317 357 364 398 407 416 421 422 435 450 462 470 471 474 477 502 518 579 606 631 657 664 696 706 736 746 747 761 780 870 874 888 892 901 908 944 952 
40 48 60 64 87 99 146 169 188 198 217 230 239 256 271 273 295 303 312 316 330 351 405 407 422 436 447 463 538 557 589 606 657 686 726 807 811 846 895 941 945 
56 5 45 51 133 147 158 182 190 224 254 274 281 304 366 368 401 413 421 434 461 484 493 511 522 523 526 533 543 548 569 570 605 619 635 680 730 766 771 796 807 835 838 844 846 847 857 859 863 866 890 891 894 947 956 963 988 
50 11 104 115 136 155 157 167 176 180 234 245 282 289 304 313 329 372 379 382 425 451 477 492 572 578 580 582 587 589 648 662 673 700 733 761 763 764 789 792 800 801 812 821 826 871 893 907 952 963 981 
59 43 46 52 58 86 98 100 110 111 162 183 233 234 240 275 294 316 317 324 343 366 406 444 468 492 540 556 577 583 584 587 604 664 688 710 716 719 731 763 795 803 815 829 830 861 863 876 887 916 920 922 929 933 934 950 958 967 972 992 
54 56 129 160 201 213 239 241 244 256 260 274 295 322 346 351 358 384 395 404 433 447 468 493 498 528 531 572 596 601 606 613 620 624 627 628 640 652 655 678 682 692 724 732 735 747 757 783 806 854 917 953 960 967 983 
49 30 35 36 68 129 139 159 177 188 197 216 219 273 293 326 351 383 391 396 397 409 417 471 491 504 549 570 594 604 617 648 675 713 746 767 786 788 798 817 843 845 848 857 875 911 917 927 946 984 
59 7 9 28 50 55 68 78 79 81 85 86 108 114 117 121 142 154 161 193 203 211 226 228 230 249 271 296 309 320 395 400 419 530 553 573 591 598 619 622 635 726 727 728 742 755 776 786 795 877 878 889 890 900 952 959 965 975 986 1000 
43 44 49 171 186 192 196 216 230 240 281 308 312 335 352 370 372 379 409 421 461 470 507 517 532 594 656 658 677 698 713 735 791 801 806 839 865 885 902 937 940 941 944 947 
47 10 48 93 143 155 156 160 163 211 230 234 249 258 261 285 300 306 335 343 402 431 436 462 468 484 502 543 548 561 585 609 689 724 733 745 820 829 834 867 873 879 903 912 917 950 962 979 
56 30 50 57 69 85 165 175 181 194 232 236 282 294 296 299 306 327 330 341 361 384 388 406 451 499 511 551 552 573 574 579 582 607 610 626 697 708 714 720 732 740 742 745 758 761 766 802 816 849 864 887 898 902 950 957 984 
47 5 11 98 151 179 182 218 229 282 286 288 295 321 349 352 376 397 406 466 485 489 553 558 571 587 598 601 622 626 664 703 747 754 760 765 769 775 804 808 815 840 863 889 910 944 946 962 
55 32 59 61 74 98 112 157 210 216 222 233 243 284 312 334 364 383 385 394 410 411 475 490 501 550 561 563 567 572 578 581 585 594 614 617 622 625 638 643 655 723 739 743 750 751 754 761 837 851 857 858 863 921 974 985 
50 18 80 85 86 144 158 190 191 195 199 213 225 280 285 316 323 340 373 382 398 408 409 415 430 475 526 527 531 535 549 568 602 605 609 617 648 665 711 727 746 786 790 807 850 904 909 915 921 951 955 
41 71 91 94 100 114 132 184 211 220 285 320 326 327 391 405 416 459 465 469 481 506 547 556 589 626 652 660 670 685 693 760 768 785 810 849 876 956 959 964 984 991 
55 2 13 24 50 118 127 154 190 227 250 253 254 263 267 280 284 298 307 317 337 352 383 439 497 502 508 519 531 559 562 573 585 592 655 666 667 711 716 726 739 742 766 830 834 843 846 858 871 874 919 923 926 956 973 993 
44 27 71 103 126 156 188 189 201 202 212 243 247 261 301 343 388 396 445 453 454 503 513 523 548 575 592 608 626 649 676 691 713 714 764 772 774 780 808 811 876 958 962 982 985 
46 15 17 33 74 76 88 121 132 133 135 138 147 182 188 221 247 249 252 285 293 311 322 337 351 367 406 432 475 512 526 551 598 615 668 697 730 731 759 760 801 870 880 921 943 956 966 
44 23 43 47 48 76 79 87 129 166 168 204 249 305 342 364 378 396 400 402 423 436 440 442 476 488 500 529 541 566 589 605 635 640 665 679 718 755 783 786 806 835 836 876 964 
61 7 21 25 40 58 64 99 107 142 185 239 240 314 319 383 405 412 416 435 451 475 481 500 518 528 531 532 534 537 538 553 580 586 604 612 632 705 707 717 732 751 784 803 817 818 851 857 871 883 914 922 924 937 947 951 952 955 972 974 995 996 
50 12 31 64 83 88 112 113 206 210 216 252 266 277 278 283 295 312 323 343 389 394 411 458 470 472 492 505 529 535 567 585 592 631 646 658 660 666 710 718 737 796 808 833 866 883 885 907 926 964 994 
51 8 14 55 138 146 176 189 204 241 248 250 267 300 302 329 356 370 442 459 526 543 564 569 581 596 602 624 625 641 646 660 661 668 669 692 700 707 773 778 794 829 851 852 862 866 879 900 912 924 952 996 
38 5 7 103 107 175 188 195 206 265 302 402 425 500 510 519 595 600 634 635 657 676 702 746 772 774 776 777 827 834 839 844 926 954 957 967 980 982 985 
55 3 32 38 46 55 73 84 99 121 125 139 154 175 194 239 274 287 306 340 407 409 417 425 435 438 447 456 465 480 482 493 496 506 531 565 579 591 595 627 629 683 713 784 800 808 819 877 882 884 920 926 938 939 993 998 
47 7 47 121 125 165 192 214 224 248 249 258 278 286 299 301 337 339 342 395 432 469 505 506 524 566 568 622 649 685 688 718 723 778 789 814 815 839 855 866 926 933 942 956 961 964 972 975 
53 1 16 63 77 78 113 118 134 143 163 167 180 189 221 236 241 262 317 333 340 342 349 424 435 437 444 452 492 581 584 592 597 650 669 698 703 722 728 770 846 847 852 863 874 875 885 919 942 949 955 975 981 998 
38 18 27 38 61 72 75 125 162 170 184 205 217 270 276 350 364 381 403 425 426 439 479 500 509 511 569 624 676 678 731 743 780 793 812 830 837 893 897 
53 9 13 21 36 38 42 73 77 95 107 111 130 132 139 190 199 222 244 253 268 276 283 288 320 327 339 380 401 432 440 453 476 513 587 588 600 624 647 692 705 706 709 721 738 752 798 813 821 832 900 903 904 914 
44 30 39 113 162 163 178 179 209 216 225 262 303 304 332 335 359 382 389 404 462 501 505 509 526 534 538 545 561 726 763 765 785 789 791 808 827 832 844 885 923 930 985 986 995 
42 8 12 22 39 45 77 91 166 209 264 305 333 336 340 362 380 385 401 412 474 477 490 520 530 546 558 561 589 592 631 640 654 694 704 711 714 832 841 886 904 912 974 
58 2 34 35 40 44 47 126 161 179 185 191 214 217 241 277 288 315 320 342 453 463 487 529 559 562 613 618 630 636 655 671 683 686 694 707 726 746 760 783 811 846 854 861 874 882 885 901 916 921 922 936 949 952 962 964 969 985 996 
47 13 18 19 44 56 64 90 102 115 136 151 179 188 208 211 286 293 357 377 383 401 406 410 436 448 514 519 520 521 534 548 551 560 606 629 700 710 747 748 759 774 783 786 805 860 923 942 
39 24 44 68 95 126 161 162 198 212 242 248 280 298 339 348 350 378 381 499 506 526 564 580 593 616 627 628 629 691 761 776 833 842 843 868 890 902 992 996 
35 45 47 91 173 191 211 238 246 257 291 331 360 369 395 419 431 441 477 517 527 586 610 615 630 690 785 798 813 818 828 834 893 897 899 943 
58 2 10 83 120 154 162 195 203 210 220 253 268 282 289 316 317 320 322 364 366 381 420 427 463 482 494 499 525 539 606 610 625 632 654 657 662 670 701 711 742 751 757 767 770 773 823 840 853 862 889 891 901 952 961 963 968 988 990 
51 18 22 33 54 78 79 91 103 107 128 162 172 192 273 274 290 319 355 401 411 451 493 497 498 554 574 579 581 596 598 614 636 650 742 752 771 785 790 791 819 822 852 858 877 879 887 893 918 940 968 989 
43 18 27 34 67 79 95 265 280 292 298 311 317 322 331 353 379 380 395 443 454 457 459 471 514 545 567 597 601 602 694 697 706 747 783 802 816 829 858 862 868 950 986 1000 
49 59 101 157 167 173 174 189 215 249 267 268 284 308 326 351 369 391 393 398 416 419 454 494 525 536 543 573 577 585 625 646 667 723 734 736 772 793 795 815 828 836 843 851 865 869 873 906 914 930 
56 26 52 68 96 99 115 201 221 227 249 269 287 332 338 341 346 354 356 368 373 403 433 439 445 448 462 473 489 512 517 519 558 587 591 617 652 656 679 705 723 764 768 777 783 796 799 870 880 891 898 908 932 958 987 993 995 
48 42 59 109 125 126 129 136 147 152 181 210 229 234 239 242 254 320 325 333 341 374 391 399 428 429 441 480 488 495 506 544 559 567 597 619 658 704 762 773 826 836 844 850 859 908 970 977 981 
47 46 72 98 159 180 184 220 225 267 294 304 322 325 371 388 392 394 402 421 427 430 433 447 448 504 507 521 554 590 598 600 601 652 729 740 742 750 763 806 819 840 891 896 903 959 963 999 
43 15 49 73 129 180 190 194 198 205 249 263 308 329 351 365 367 393 396 414 452 454 466 472 519 529 581 661 662 669 671 681 713 725 737 788 795 797 799 838 933 966 992 998 
64 37 52 59 71 77 90 97 161 165 166 191 211 219 222 229 238 241 246 263 288 308 340 345 347 370 377 379 415 418 442 447 489 502 504 562 598 600 601 607 626 629 632 661 685 701 703 740 748 761 766 779 794 795 805 839 867 870 888 908 915 972 982 983 988 
61 6 16 34 43 58 91 98 105 108 112 119 122 129 134 171 204 207 232 235 248 288 303 309 358 364 366 381 404 421 442 467 472 485 492 499 511 519 525 575 577 583 590 641 659 673 674 682 688 698 764 780 788 837 839 875 876 885 894 966 982 989 
42 26 56 59 101 149 164 166 229 230 241 253 265 292 351 415 451 453 473 484 517 597 604 619 622 627 658 659 748 782 811 818 861 866 902 921 933 968 975 991 992 996 999 
56 10 21 55 73 90 91 108 119 122 160 165 167 222 272 286 287 304 308 319 325 377 395 402 404 423 428 517 528 564 565 569 570 584 592 595 599 600 616 667 686 700 718 729 789 793 804 807 827 834 853 870 879 885 941 995 996 
55 2 59 89 94 116 142 160 205 215 226 227 231 256 269 284 287 388 402 408 425 427 431 445 468 481 493 546 616 629 637 668 681 689 695 706 734 737 763 787 799 803 815 837 843 846 856 872 875 894 932 946 955 957 970 982 
58 3 14 27 28 38 42 45 56 59 71 79 115 140 154 181 192 213 247 257 259 265 272 291 309 340 344 359 365 368 392 408 457 459 479 492 504 555 559 577 593 615 668 701 715 744 759 764 787 800 813 848 860 871 885 913 951 971 992 
44 10 48 67 87 134 213 218 241 279 301 303 309 369 399 421 455 471 522 524 543 562 587 591 601 606 614 630 643 650 660 673 675 747 763 850 869 902 917 926 947 975 976 978 994 
59 9 23 24 30 66 92 126 128 142 148 198 204 218 225 231 235 257 267 286 306 325 331 340 349 364 377 380 389 390 409 446 451 464 488 499 501 514 515 540 576 584 589 600 681 731 738 755 758 784 813 838 854 864 871 943 959 973 991 995 
42 4 60 101 127 191 232 235 284 288 299 339 358 376 414 462 480 489 501 549 553 563 589 628 632 644 678 695 707 718 726 733 752 760 770 775 782 786 801 826 827 829 933 
47 27 32 40 63 66 101 129 132 148 191 192 198 206 228 248 284 336 337 347 362 388 398 421 426 431 446 471 540 582 594 620 631 667 699 716 743 752 790 805 857 859 874 884 910 964 970 982 
58 42 43 46 67 79 95 98 113 131 159 162 172 204 212 237 260 284 288 289 291 331 339 354 389 399 431 462 496 500 511 548 594 598 602 603 647 685 695 707 730 731 733 741 747 748 784 785 813 817 823 855 876 877 928 950 963 964 983 
46 21 30 32 86 106 121 125 144 204 229 257 264 306 316 330 350 379 418 494 499 502 509 529 548 567 571 580 624 640 679 696 724 727 740 776 781 857 863 890 905 939 971 972 977 978 994 
39 116 119 165 204 212 238 248 257 296 300 323 343 361 391 423 448 498 557 561 590 607 608 628 634 663 707 723 728 789 809 834 838 842 843 844 891 933 948 971 
50 2 15 17 39 75 83 96 101 114 182 188 222 227 252 253 268 275 301 308 326 344 371 387 392 403 423 436 463 464 467 477 484 521 641 643 667 731 732 761 776 816 839 853 859 899 957 964 974 985 991 
41 19 46 62 64 76 84 95 119 142 149 210 231 270 318 322 387 396 419 439 515 532 542 546 582 664 682 694 714 744 770 795 809 855 878 918 919 947 950 975 984 1000 
55 22 25 52 69 74 78 113 130 186 208 212 275 284 296 337 338 346 350 356 361 383 421 472 490 511 530 552 556 560 566 582 616 631 648 661 668 673 689 708 712 731 746 757 799 813 822 841 844 862 911 918 922 934 979 995 
39 16 22 39 63 64 115 129 160 178 198 207 208 224 230 241 290 335 375 423 486 501 523 566 610 633 689 691 699 705 741 777 792 815 822 832 896 904 906 1000 
