100 1000
68 16 36 54 75 85 102 107 125 127 142 156 201 237 266 271 273 287 306 313 323 329 338 371 387 388 407 421 435 438 440 459 474 499 503 520 541 548 561 565 568 581 583 591 629 655 659 677 680 685 707 721 738 742 749 776 791 798 806 830 846 874 880 924 951 953 958 964 990 
50 20 24 49 117 153 164 203 207 215 288 330 378 382 408 444 490 509 514 535 554 564 624 631 632 643 648 655 661 675 677 682 683 686 697 731 754 808 843 862 887 888 894 907 914 915 955 983 988 989 999 
63 13 21 26 42 43 61 66 83 84 112 127 154 173 174 198 202 205 222 242 256 257 263 321 325 338 370 371 376 377 397 421 424 428 441 464 469 472 487 495 510 581 596 606 615 646 656 670 676 714 760 780 797 823 860 861 880 893 900 932 950 969 970 994 
53 14 34 44 49 50 59 73 114 162 165 188 249 269 284 297 300 304 324 375 380 411 417 468 482 507 519 530 570 580 597 605 607 609 640 661 662 698 710 776 782 797 799 846 856 867 890 915 929 945 960 961 966 996 
53 1 40 55 68 71 100 107 120 134 139 152 166 190 204 210 225 248 286 287 298 315 318 342 344 353 378 383 412 413 418 419 483 487 550 553 568 619 627 667 670 700 720 726 727 765 837 875 879 887 901 922 935 996 
38 53 76 111 127 133 253 273 297 303 314 351 375 376 398 418 455 468 508 540 547 554 586 601 611 622 629 634 635 649 695 765 862 877 894 909 949 960 983 
50 30 50 58 61 70 90 112 126 220 226 238 252 288 349 365 375 420 429 453 458 468 543 544 555 562 605 618 642 690 705 742 747 764 787 814 816 835 836 877 893 894 934 946 950 951 952 975 980 985 1000 
59 15 19 32 36 45 59 78 105 126 127 166 169 228 232 237 266 308 330 331 343 352 357 374 392 417 437 441 449 488 505 516 518 519 589 599 604 608 659 674 717 731 759 796 803 811 825 843 855 866 879 893 894 897 920 969 979 980 997 1000 
41 12 14 22 57 84 93 96 102 123 158 179 187 203 245 322 348 399 405 417 445 459 492 542 550 557 587 608 622 636 664 666 686 699 708 720 872 886 909 963 964 994 
63 1 10 15 51 54 74 76 114 127 154 173 185 188 202 235 237 259 274 291 332 340 373 374 380 387 417 419 438 439 496 501 513 519 529 542 565 573 599 631 643 659 660 666 686 732 760 763 768 788 800 815 827 834 853 865 873 912 937 947 961 967 975 988 
58 5 18 49 55 59 64 73 85 108 126 148 183 202 225 240 277 281 327 340 364 369 370 388 395 413 421 449 450 457 462 486 499 521 528 543 564 581 589 621 633 639 667 681 687 701 714 728 744 765 768 778 851 853 941 950 965 971 982 
52 26 28 67 80 105 143 144 162 208 221 257 344 345 360 365 414 432 493 522 561 583 584 585 600 619 634 636 638 662 665 669 694 723 743 744 772 775 781 786 803 806 824 837 860 883 888 891 908 915 945 971 1000 
62 10 14 16 32 66 74 85 86 102 105 111 125 168 173 176 193 230 275 307 314 324 331 339 349 448 457 500 516 520 524 557 563 579 581 598 603 605 611 614 638 651 669 696 717 724 727 737 750 751 757 808 809 813 863 901 905 917 919 949 950 967 973 
51 4 60 86 88 91 143 160 167 175 184 222 233 248 252 258 271 285 308 319 324 340 356 397 409 412 431 435 457 459 461 462 513 521 523 577 616 679 718 720 733 743 766 775 855 865 882 914 928 933 982 997 
50 5 6 15 22 85 89 117 120 141 143 156 158 162 169 195 203 210 253 295 308 338 384 385 447 449 468 475 478 501 523 542 586 591 594 608 618 643 708 736 739 747 767 770 844 849 891 906 961 990 991 
42 22 49 55 102 103 107 120 140 160 215 269 277 297 410 416 427 452 458 460 494 498 499 502 524 574 606 614 616 657 699 742 748 769 806 820 849 863 886 955 959 983 999 
51 53 55 75 83 86 126 134 142 162 184 205 216 248 266 297 304 310 317 325 338 341 390 431 432 496 510 515 549 555 556 582 608 617 658 674 695 698 699 709 741 764 809 823 882 903 940 965 975 976 988 991 
53 20 67 82 87 88 150 164 178 183 241 244 267 284 329 337 350 355 397 463 467 471 476 489 513 521 529 530 535 547 567 581 583 591 623 634 653 654 660 746 777 816 819 839 856 879 914 926 934 941 952 974 983 994 
48 6 63 81 109 119 152 159 183 203 245 250 270 278 281 306 307 308 309 344 378 383 388 391 416 433 435 451 478 498 531 533 544 648 692 712 727 729 740 743 766 783 791 810 825 856 869 892 951 
42 41 69 93 153 178 185 208 213 223 341 358 395 397 404 428 471 579 580 607 611 629 631 708 711 722 746 752 753 758 774 777 796 804 840 889 905 910 919 936 944 990 991 
46 3 9 11 41 42 55 69 74 111 137 191 249 261 263 282 310 315 341 413 419 430 431 484 493 494 498 503 507 555 617 637 720 726 731 753 777 798 868 872 874 891 909 921 924 926 932 
44 10 30 48 49 54 90 128 130 164 181 185 225 243 247 249 347 361 402 429 436 443 453 486 543 563 578 580 583 587 617 644 671 679 691 730 740 773 774 803 828 834 954 987 998 
56 9 14 28 51 64 81 94 113 183 185 219 239 260 262 286 287 306 331 343 358 380 404 419 428 429 435 469 505 521 523 525 526 550 551 564 565 573 585 593 596 601 604 605 662 666 672 702 719 727 778 804 834 879 934 939 990 
48 7 17 40 74 103 121 165 182 229 250 257 258 284 346 354 365 380 389 408 440 454 463 471 487 521 536 547 566 575 578 586 599 633 742 743 758 804 819 852 864 873 882 923 928 935 936 977 993 
43 46 47 74 79 86 107 159 215 267 271 288 354 389 413 433 434 441 476 493 543 561 616 630 638 715 717 730 758 761 780 803 836 838 861 872 874 886 890 900 912 920 982 994 
49 38 84 104 132 135 166 187 193 212 237 277 310 320 336 365 395 406 437 454 467 497 513 519 549 634 658 667 686 689 705 708 713 715 730 750 776 789 791 795 800 810 876 889 895 909 959 984 989 995 
51 6 51 71 100 112 128 131 134 182 183 195 206 222 274 286 324 343 353 357 383 385 427 461 470 475 501 513 560 572 582 609 622 663 699 731 740 745 789 817 820 831 856 877 900 919 923 948 957 965 969 987 
57 14 15 18 40 41 42 45 68 72 88 101 105 124 157 169 178 202 209 223 234 237 244 253 272 275 298 314 322 335 387 432 443 462 466 479 485 504 512 557 562 627 652 666 686 714 778 782 842 870 873 888 942 965 977 980 994 999 
57 54 67 95 105 130 131 136 151 160 171 173 179 188 189 260 269 271 280 287 296 322 334 336 358 370 379 394 428 444 446 448 451 457 465 490 505 524 566 570 576 610 614 618 620 625 659 660 670 700 760 764 780 839 885 941 952 959 
48 9 16 26 31 33 71 77 82 105 108 120 134 148 180 211 233 244 259 302 327 353 388 394 399 416 421 430 453 454 462 486 491 492 559 583 595 612 616 628 643 647 649 709 778 849 898 933 995 
51 11 13 14 57 65 70 100 102 127 135 150 174 189 220 232 300 329 332 343 346 385 402 406 420 424 427 469 482 506 553 555 561 571 619 620 693 734 741 755 808 817 818 826 840 872 882 891 929 934 953 955 
46 17 19 98 101 150 167 168 193 227 236 250 264 344 350 378 381 393 428 460 490 491 510 547 561 569 575 578 634 635 636 700 703 715 719 736 769 770 774 778 818 857 874 889 904 922 933 
47 3 21 22 45 58 66 110 160 197 216 239 303 326 330 334 364 379 445 462 472 488 524 530 531 559 599 613 635 644 677 682 687 704 739 758 764 765 783 793 802 836 847 851 888 912 913 928 
60 4 11 21 22 33 71 74 150 173 186 187 188 205 239 243 250 253 261 270 285 291 326 333 336 340 347 369 374 384 394 395 434 488 513 517 528 540 581 616 618 672 693 698 724 805 831 857 861 866 871 877 882 893 908 918 929 943 948 979 986 
46 33 42 51 52 100 104 116 150 195 196 200 213 216 271 290 292 310 314 357 402 419 435 448 453 471 477 489 498 499 522 531 546 552 578 610 638 639 641 663 702 760 761 782 904 966 973 
43 24 42 54 92 104 106 150 169 202 206 241 248 267 317 346 375 445 456 460 483 517 528 578 593 617 621 624 662 725 767 773 792 802 806 809 811 825 880 882 904 916 954 960 
51 3 4 5 30 34 59 81 88 98 118 153 186 189 194 198 240 247 264 309 326 333 347 365 391 427 433 483 488 508 573 583 592 646 707 712 723 769 770 796 798 825 833 840 863 870 887 925 947 980 992 999 
41 7 66 72 98 112 119 121 139 140 173 185 220 230 232 248 259 310 405 406 410 474 491 518 520 543 628 632 637 641 649 718 774 798 857 861 874 909 958 962 964 991 
43 5 7 12 47 55 64 113 122 127 137 183 205 220 243 263 277 299 347 400 405 407 535 537 544 614 626 668 693 718 755 777 784 834 836 843 845 859 867 875 914 931 949 952 
54 63 67 76 84 108 110 125 138 146 166 169 173 206 217 231 258 266 314 367 378 380 394 402 440 449 486 504 512 553 574 584 588 590 596 630 700 723 734 739 758 766 791 812 827 876 883 886 889 897 921 931 950 966 991 
49 7 14 74 106 115 197 201 207 209 210 221 222 233 258 284 300 302 335 343 350 396 457 474 483 514 552 559 590 592 596 624 642 684 690 724 767 815 834 841 853 860 894 946 947 950 962 968 984 992 
60 4 6 8 14 29 44 82 83 121 125 144 163 174 186 204 206 233 239 319 342 346 357 361 376 405 414 438 450 475 484 486 493 502 537 544 556 558 597 602 649 666 668 671 672 683 687 778 823 833 850 868 875 903 904 916 935 952 954 976 996 
50 6 15 32 45 51 59 74 130 162 191 226 233 244 269 296 337 359 363 374 387 390 391 410 459 462 485 499 505 519 543 581 598 601 618 639 674 742 743 744 768 778 797 834 874 880 886 963 970 973 984 
49 8 30 40 54 60 123 124 143 184 192 315 328 331 336 338 364 382 432 443 444 467 473 486 496 532 541 573 580 581 593 599 605 653 655 699 744 761 788 835 846 861 863 866 867 903 919 923 964 976 
39 13 16 92 103 124 147 196 198 204 210 225 280 296 306 338 364 368 377 415 470 491 522 530 628 631 642 685 693 757 794 812 824 856 870 931 937 959 967 999 
46 9 80 88 99 121 128 149 152 241 242 269 292 335 344 345 354 381 407 425 442 515 527 532 556 598 600 611 628 631 637 649 677 697 701 727 756 792 797 821 874 895 902 912 933 956 1000 
60 19 30 38 70 92 111 113 129 151 157 160 178 189 195 321 341 351 356 360 366 387 434 437 461 471 482 511 518 527 543 549 562 574 577 580 596 647 649 665 702 707 717 727 737 739 748 775 787 791 834 903 906 912 915 933 938 952 954 992 996 
61 69 102 104 111 129 133 163 165 191 194 204 225 240 247 250 253 256 259 269 297 300 315 321 323 340 379 380 404 427 431 467 496 505 517 522 525 628 648 668 698 709 714 720 723 724 751 754 763 783 811 823 840 859 871 881 934 938 953 974 982 992 
53 19 69 117 130 140 191 212 226 260 263 287 315 318 323 330 338 355 398 411 445 482 484 487 552 563 582 593 616 640 643 668 669 689 692 694 737 748 790 797 798 799 807 816 820 838 844 887 891 903 930 957 976 994 
49 2 29 87 109 195 202 231 269 298 309 310 342 346 362 402 405 443 455 478 489 494 497 505 541 588 614 628 632 633 638 699 701 718 722 741 761 800 810 846 850 864 882 895 914 917 929 947 983 993 
43 3 83 85 93 103 121 127 143 144 214 275 276 283 301 307 381 409 412 422 434 445 459 460 510 542 596 600 615 618 619 633 669 746 751 778 804 806 807 840 860 874 917 939 
59 9 11 36 44 70 94 152 170 212 213 221 238 249 252 281 316 329 344 353 415 417 423 433 442 469 472 476 477 524 531 563 565 607 614 632 641 660 676 680 719 724 732 737 738 739 761 774 775 813 819 841 863 892 911 928 931 939 950 966 
38 11 25 68 89 90 180 183 226 252 284 291 303 381 394 426 518 546 549 556 589 622 623 633 674 682 705 709 711 762 790 793 810 814 849 876 878 914 980 
45 8 38 44 46 55 70 87 95 110 114 149 165 170 205 233 256 277 284 287 322 333 345 358 370 407 413 452 538 624 641 648 691 700 727 775 789 815 826 854 867 919 958 965 983 996 
41 11 69 76 82 101 112 162 197 230 245 255 268 292 337 350 445 455 461 489 516 524 531 545 571 606 628 629 693 697 714 729 735 797 840 844 853 862 875 907 957 974 
55 4 22 38 74 82 99 106 108 128 141 149 166 171 191 219 222 245 280 293 343 357 361 395 396 404 447 467 479 521 576 584 603 631 638 650 671 673 701 733 735 764 778 782 785 817 837 852 868 872 876 892 927 986 992 996 
46 2 9 16 20 30 60 93 94 102 107 165 213 225 241 247 281 298 383 391 395 424 443 452 461 611 616 627 646 661 768 786 796 811 813 825 827 834 846 852 855 896 933 935 937 962 966 
45 1 3 27 33 68 151 172 198 206 212 218 241 265 285 328 344 353 358 371 379 409 452 460 476 477 502 511 513 568 639 643 658 663 682 690 711 748 750 777 793 800 933 937 981 983 
48 41 49 61 76 98 125 137 162 169 170 225 240 246 323 328 381 385 391 424 428 434 467 481 542 555 562 569 575 609 610 617 618 631 667 672 678 689 708 714 726 744 769 807 893 905 928 952 961 
54 13 25 41 65 67 102 103 140 143 149 164 182 192 195 198 246 249 252 257 279 284 292 297 326 335 353 370 400 406 439 454 490 497 502 544 570 582 604 657 669 744 760 816 818 821 827 897 925 941 944 955 956 982 990 
58 6 15 60 70 86 114 131 155 190 240 252 257 287 291 298 309 333 335 336 338 413 419 436 443 444 449 490 499 526 553 562 588 605 620 648 652 662 666 683 747 755 777 788 801 828 829 837 857 873 900 924 932 955 962 964 990 993 998 
42 32 64 90 132 140 179 275 292 341 362 369 372 378 413 417 433 444 450 464 469 472 478 504 528 529 565 611 635 637 646 647 686 701 712 778 782 822 907 909 933 945 954 
57 5 19 47 49 95 155 162 200 233 240 268 271 275 294 324 326 347 364 374 379 380 381 387 399 403 455 495 511 542 543 587 593 635 637 640 642 659 680 706 722 740 792 795 811 815 846 850 891 897 908 919 933 944 954 978 996 1000 
48 20 25 41 76 80 104 129 166 174 213 236 243 250 259 267 279 282 290 349 395 417 428 430 432 440 452 590 612 622 623 656 670 673 694 708 711 718 727 759 761 764 797 810 946 962 965 966 996 
62 29 44 53 57 62 113 146 169 170 175 195 214 238 257 274 276 292 302 304 305 307 340 355 365 374 389 390 407 418 421 478 513 514 531 566 584 612 640 645 648 661 676 679 692 713 738 747 751 768 771 805 809 817 870 877 891 910 941 942 949 951 999 
60 11 58 74 90 109 114 147 149 190 224 254 267 275 279 284 286 295 298 307 325 353 356 371 376 387 393 432 477 509 510 520 535 536 550 555 579 597 617 618 623 626 637 639 653 672 673 689 699 719 725 752 798 824 848 879 892 908 948 966 981 
59 10 14 65 66 75 91 124 130 131 137 141 142 143 155 167 179 188 204 244 277 282 295 303 312 329 342 360 395 404 416 432 435 506 510 549 579 585 613 627 645 674 707 709 734 749 751 768 825 847 861 862 863 883 930 936 940 953 966 985 
40 30 37 39 57 61 137 157 187 193 208 227 243 245 264 281 300 318 379 415 448 459 469 485 515 520 522 534 566 646 657 661 727 770 859 863 897 907 964 965 975 
54 24 58 129 198 215 260 268 328 343 344 351 354 355 362 368 376 393 397 403 414 429 456 511 515 526 555 573 574 606 636 672 680 686 700 722 741 755 760 762 779 808 822 851 873 886 893 909 914 917 945 948 960 974 975 
46 2 5 56 65 83 113 150 153 173 182 185 201 217 220 243 255 259 263 311 321 349 355 399 439 454 462 471 481 501 514 551 565 574 599 611 622 700 758 826 848 854 880 897 907 943 993 
58 23 77 90 91 92 98 145 151 188 197 198 199 205 209 246 265 298 309 366 389 396 413 461 487 494 503 511 522 525 543 555 578 589 605 647 652 659 661 676 698 705 722 728 730 781 791 836 840 855 913 922 926 930 933 943 981 994 1000 
65 37 69 94 99 106 116 125 140 143 157 163 176 198 220 249 254 255 260 273 283 289 346 352 412 432 438 447 458 484 485 510 534 564 586 596 619 648 668 680 728 729 733 742 750 756 757 760 777 815 816 821 825 859 869 874 887 890 900 921 927 960 976 978 992 995 
42 20 25 30 36 37 48 69 80 97 100 166 177 188 257 275 310 347 349 373 417 456 489 517 520 573 606 631 686 694 700 721 751 764 798 810 840 882 887 889 916 959 981 
46 23 29 35 40 75 117 128 144 156 159 161 178 183 223 246 269 277 336 337 438 448 450 510 513 522 566 568 582 629 634 667 672 699 710 727 730 753 773 793 812 862 867 931 937 939 972 
62 13 57 75 85 88 176 187 192 216 217 222 224 289 300 308 314 331 355 370 375 381 384 388 391 403 408 442 466 480 485 486 503 510 532 533 591 597 611 632 656 690 694 695 709 712 720 743 751 758 770 781 794 813 830 848 871 884 912 915 920 950 976 
48 9 16 18 72 83 94 98 105 112 145 157 164 183 232 258 273 275 306 378 387 391 491 520 524 530 542 558 584 631 651 657 658 666 672 677 681 687 702 703 762 770 778 886 887 892 902 956 985 
50 6 49 93 124 154 169 176 181 191 210 217 297 306 332 358 363 390 404 425 431 457 485 491 492 498 506 591 622 649 659 693 698 703 718 727 733 765 780 810 814 866 882 886 904 922 927 940 954 994 998 
44 32 57 112 136 150 154 167 208 343 349 377 392 431 438 452 459 497 508 520 525 528 543 554 556 567 620 647 665 682 705 725 731 737 771 773 786 806 812 825 831 875 899 950 967 
56 9 48 60 81 131 163 172 196 201 212 220 251 285 324 332 337 353 374 390 406 433 444 448 476 479 528 546 569 593 610 616 650 652 670 672 687 691 701 715 718 741 795 798 813 840 841 856 881 900 919 942 950 962 984 989 999 
41 5 51 58 170 185 191 230 244 267 271 278 326 327 361 381 406 427 451 471 509 516 534 544 551 574 617 629 641 676 793 800 813 814 852 870 886 929 936 974 989 999 
54 14 26 31 59 66 68 108 116 135 142 156 176 202 212 234 242 262 270 273 280 291 321 411 415 425 430 448 464 476 493 533 539 582 587 593 598 603 645 664 676 780 785 789 804 814 826 875 893 897 901 959 966 977 999 
59 17 22 29 39 40 90 144 160 174 181 230 254 281 282 285 298 325 327 371 373 379 403 413 431 433 434 444 449 467 479 491 541 547 591 624 631 636 677 683 695 711 716 735 736 750 764 799 808 812 816 838 842 855 860 888 926 941 982 986 
52 8 57 59 64 163 165 173 187 202 216 252 258 265 273 274 306 322 339 343 351 359 372 375 427 441 443 477 605 639 675 677 681 682 735 736 785 786 790 814 820 833 844 846 853 863 876 925 944 959 964 989 991 
39 11 37 66 71 160 165 192 213 227 229 249 346 349 365 389 414 436 455 534 536 565 598 629 646 652 656 681 723 806 819 831 849 858 877 884 888 901 916 955 
51 1 30 46 71 73 92 98 105 143 146 179 196 207 229 251 275 276 313 338 354 367 379 390 409 414 424 454 509 537 540 557 636 653 661 674 683 736 773 779 796 814 858 892 900 911 917 927 956 962 979 985 
45 10 18 33 51 58 78 112 131 137 186 189 201 249 310 314 343 351 380 391 400 405 426 454 484 490 517 544 585 604 645 668 677 724 728 741 762 781 787 824 832 845 870 877 881 942 
64 13 20 22 27 35 50 63 69 73 82 84 90 93 119 129 148 149 158 163 182 210 252 265 312 386 395 399 400 409 440 446 450 496 498 507 509 513 531 535 538 543 596 604 641 652 670 676 689 737 769 783 791 812 839 843 860 921 933 940 944 948 955 957 996 
50 39 72 85 90 92 133 135 146 159 163 168 195 250 252 256 258 273 332 341 357 366 398 439 459 468 497 505 520 534 558 587 600 614 637 673 720 730 738 755 812 813 815 834 860 869 929 948 952 954 986 
59 2 7 23 46 58 80 85 123 124 136 191 216 245 246 254 287 293 313 327 328 336 371 373 400 401 434 478 503 541 548 554 563 582 625 628 662 667 692 700 721 731 740 750 760 765 788 791 795 809 851 874 877 896 907 921 929 964 973 976 
35 90 148 156 204 210 223 230 249 269 321 328 334 335 458 511 550 565 576 594 595 668 699 777 793 807 832 863 869 896 904 920 923 948 955 978 
54 11 37 70 101 114 130 153 196 260 273 276 309 315 319 334 335 384 393 402 422 449 450 453 471 498 505 509 532 550 556 566 575 579 589 635 636 646 659 675 708 718 739 772 787 788 795 797 857 861 876 878 952 966 988 
49 6 13 89 97 107 115 116 143 148 169 230 255 304 312 319 341 359 389 404 461 470 521 532 537 542 574 587 598 611 641 645 660 685 695 703 758 772 778 788 811 817 839 856 872 884 887 954 962 970 
43 30 47 64 66 72 100 101 103 130 147 189 202 203 243 265 266 357 372 378 392 450 494 538 561 585 630 643 654 665 701 726 740 783 796 836 842 860 866 878 884 904 949 959 
43 18 53 75 107 123 135 148 158 167 171 177 221 244 255 281 303 311 330 342 367 370 371 434 438 456 485 519 535 584 621 631 655 679 703 729 739 769 771 773 876 909 914 964 
39 10 24 44 45 59 132 208 216 253 261 278 331 366 373 388 434 462 464 465 495 511 518 558 613 614 623 647 665 667 693 696 732 746 771 786 791 800 841 852 
53 11 19 27 31 53 57 68 104 118 121 131 138 146 189 221 223 224 271 289 291 332 338 374 419 431 463 510 518 531 550 580 599 635 672 674 682 687 690 731 746 761 831 842 861 883 900 911 939 944 954 962 982 987 
60 9 43 47 85 131 146 202 221 223 226 231 232 261 273 278 295 317 322 345 348 368 377 381 437 449 465 477 480 506 516 539 557 562 573 574 607 634 655 705 708 742 750 762 784 785 823 847 853 864 865 901 917 921 929 932 935 937 940 983 995 
52 49 64 78 82 85 89 119 131 148 193 199 243 246 265 308 323 328 331 345 359 362 364 369 386 395 431 433 442 459 462 485 513 535 536 547 559 585 612 638 688 692 702 720 721 723 753 779 902 934 952 954 978 
59 27 39 53 59 63 156 163 197 204 225 228 231 266 272 279 282 288 305 399 427 430 487 507 512 539 546 571 580 649 672 690 691 715 741 757 793 836 849 852 855 863 866 868 891 894 897 920 922 925 928 935 936 939 946 965 973 974 990 992 
56 7 56 76 117 126 127 135 149 174 178 222 238 267 320 334 343 369 406 427 470 479 488 507 510 521 539 543 554 566 569 572 584 586 602 611 616 618 628 641 658 688 696 755 765 775 806 817 851 862 920 929 933 953 955 979 998 
