100 1000
48 3 33 38 42 78 92 106 109 125 140 148 198 266 285 292 340 367 383 388 394 416 519 548 580 593 622 629 640 662 675 684 743 760 775 784 802 842 854 863 880 882 889 916 945 973 976 989 1000 
46 23 26 93 132 165 179 184 200 221 238 278 284 295 302 315 320 336 365 383 387 415 425 453 455 456 460 482 502 519 522 575 588 678 694 710 713 725 751 773 801 803 804 909 913 980 986 
49 15 58 62 69 86 126 139 146 153 179 180 188 196 197 260 278 287 316 326 328 405 429 448 474 485 495 499 537 538 552 565 592 596 642 646 668 669 670 673 715 731 744 807 825 854 882 885 938 962 
51 23 92 96 102 112 133 144 151 159 160 176 194 214 235 243 281 313 349 373 398 439 462 475 495 518 519 531 536 545 548 590 599 613 663 690 691 693 704 733 756 767 804 812 817 844 905 909 910 935 967 969 
35 93 107 126 134 136 183 285 292 332 365 379 427 448 483 493 505 516 546 571 572 611 612 656 674 737 785 793 840 857 881 892 899 922 970 997 
40 30 35 104 162 179 185 206 258 265 278 294 309 313 321 335 336 341 356 400 425 446 449 465 515 516 591 623 630 637 658 701 711 723 729 732 758 804 814 860 912 
52 10 86 97 168 188 232 241 249 267 268 272 284 297 328 330 378 400 407 418 435 449 495 510 531 573 576 582 653 654 666 677 706 707 712 717 722 724 735 738 742 762 783 802 826 847 874 883 913 951 952 991 997 
46 50 68 79 88 110 130 187 188 198 202 237 251 272 283 309 357 360 372 391 416 451 467 491 537 552 564 584 606 654 692 697 699 713 724 730 744 759 764 801 806 810 827 882 889 921 931 
40 19 28 113 125 148 161 166 258 274 337 351 358 377 392 415 464 529 538 548 550 554 586 590 625 674 683 711 716 761 773 776 781 783 834 846 867 918 932 974 993 
47 2 5 12 28 48 57 74 116 127 176 188 199 214 250 265 285 293 320 345 373 377 387 402 423 431 484 490 496 524 526 527 542 548 596 610 679 688 759 781 835 863 866 868 898 922 965 977 
46 39 48 73 88 95 194 261 279 288 306 331 368 372 403 411 456 461 471 500 513 563 660 663 671 707 719 723 724 733 747 750 776 793 796 845 853 864 868 891 902 909 929 936 951 965 994 
53 41 77 80 114 128 133 144 153 188 192 193 195 212 217 235 257 263 271 278 307 319 343 377 400 409 411 443 444 502 521 546 554 590 612 653 671 688 712 726 737 754 757 773 779 829 831 854 873 877 906 926 978 994 
58 7 11 17 21 23 50 70 90 143 148 170 196 212 239 249 251 269 302 305 328 357 381 415 423 430 444 445 450 451 457 496 507 521 525 537 569 593 597 600 606 609 616 636 654 678 713 714 728 748 813 856 899 931 932 954 965 973 983 
49 21 60 64 76 88 93 109 141 143 146 233 258 259 281 316 319 324 333 338 349 393 438 477 499 516 540 549 609 616 632 643 645 678 704 711 731 754 755 777 810 822 832 833 854 917 925 930 949 966 
45 36 39 83 88 103 107 144 161 163 180 222 252 279 287 364 365 403 445 462 469 505 539 575 581 615 625 638 639 660 673 713 758 783 784 793 814 821 824 834 870 886 903 914 943 995 
61 23 44 47 53 77 79 106 109 137 140 196 200 224 227 244 258 270 273 282 283 286 289 303 307 426 437 466 490 511 514 533 577 596 635 639 656 670 681 710 732 734 749 773 807 829 830 831 837 861 862 885 887 890 893 901 915 918 921 969 987 994 
61 1 60 65 72 95 112 118 135 164 170 182 184 197 234 250 252 264 277 306 316 395 413 421 422 443 444 465 467 473 495 498 525 536 546 648 670 672 689 691 693 720 722 726 733 755 764 805 810 828 836 837 871 900 910 914 933 948 958 972 982 990 
38 22 49 121 178 180 216 268 278 304 356 365 395 414 423 433 453 506 553 559 566 568 582 589 593 610 613 614 616 643 665 704 709 749 754 810 833 845 926 
52 2 3 30 34 35 41 58 60 61 69 81 117 122 143 165 173 197 207 237 252 254 291 305 325 349 368 398 429 445 463 498 515 672 722 759 786 792 804 815 825 835 847 848 900 911 925 926 949 958 962 975 978 
50 11 26 27 29 73 90 97 103 116 118 121 132 159 160 164 175 197 234 237 290 373 399 409 412 425 440 444 492 496 511 520 523 587 627 632 686 690 694 702 730 743 748 775 788 793 804 813 840 875 900 
50 27 28 51 76 77 132 140 153 156 160 163 182 188 197 209 227 239 253 280 324 337 350 427 513 524 535 601 651 670 672 708 710 727 764 777 778 799 820 860 907 908 910 912 916 924 936 939 948 964 982 
54 1 37 60 63 79 113 115 165 201 211 214 218 271 284 293 296 328 350 358 377 408 412 426 430 465 473 495 540 549 565 569 583 587 601 648 669 696 700 738 744 749 772 775 835 888 904 905 913 933 950 959 976 989 994 
53 8 22 50 55 74 96 125 164 196 210 254 269 271 287 299 303 305 317 333 338 355 364 378 383 408 412 427 434 449 461 480 533 593 606 629 651 655 668 683 690 715 731 736 743 746 754 768 823 834 841 883 925 986 
40 40 44 78 90 143 154 194 253 308 330 382 404 408 428 432 475 537 539 555 637 644 651 655 658 680 690 704 761 788 821 834 860 884 904 922 929 946 968 972 981 
42 88 173 187 189 209 214 260 263 272 322 333 355 372 383 398 438 443 474 483 509 529 536 568 576 627 682 696 722 729 755 756 766 797 867 873 885 930 931 983 986 997 998 
47 4 7 16 82 136 189 318 322 342 402 409 413 421 446 469 532 545 551 595 601 602 625 641 643 648 660 678 696 702 726 741 748 760 761 776 779 793 804 807 812 858 896 971 985 988 993 998 
49 44 51 74 116 149 193 202 208 216 261 319 329 352 354 361 373 395 434 435 449 460 474 482 491 504 510 513 603 615 621 625 637 653 712 728 756 759 762 821 834 868 871 912 920 924 928 950 958 982 
43 73 75 94 173 212 237 247 255 271 314 331 347 376 382 390 399 406 407 428 486 504 505 579 589 606 640 648 661 664 670 732 741 742 744 757 820 835 857 858 921 925 937 976 
44 95 97 99 113 121 132 170 177 213 256 274 289 323 325 336 359 365 393 396 400 460 528 551 576 606 617 629 659 664 717 724 763 787 797 802 878 916 926 930 942 957 963 985 988 
53 3 16 31 34 87 152 210 228 234 249 269 324 326 343 347 393 426 441 458 459 480 481 498 529 548 556 576 598 604 612 616 673 685 712 720 722 731 732 739 747 758 761 785 806 828 830 887 923 939 943 981 983 997 
43 4 47 70 76 118 168 175 201 215 235 254 267 287 294 303 307 309 327 352 477 488 527 538 556 583 635 656 696 697 757 759 777 791 801 810 848 852 863 865 879 885 926 971 
46 11 32 33 72 77 84 88 102 137 148 244 260 261 267 280 305 358 359 372 397 407 410 415 516 520 529 548 551 557 595 644 651 697 722 727 739 741 763 826 835 842 877 889 911 915 963 
56 22 23 33 34 70 80 89 103 127 132 150 155 157 173 192 200 212 232 246 253 302 335 365 388 421 440 456 495 496 560 596 601 615 623 626 628 638 660 670 681 692 702 706 715 747 766 772 773 782 792 842 876 907 922 924 937 
54 18 24 43 48 74 129 165 190 242 252 296 310 316 319 338 340 341 416 428 433 435 442 480 494 506 515 532 544 550 551 567 590 602 605 625 645 652 688 705 716 739 752 770 789 798 801 839 889 904 937 947 971 991 994 
47 2 49 59 81 105 113 136 159 173 184 215 259 263 269 334 340 410 489 505 506 507 536 539 550 598 606 641 652 693 702 711 726 734 748 767 772 778 780 811 864 881 884 908 920 929 972 987 
60 1 20 26 58 80 82 139 151 165 191 197 204 206 245 262 272 277 278 280 290 332 333 335 343 348 356 371 379 386 435 467 480 486 519 528 536 551 556 560 586 611 634 640 650 662 667 695 698 733 753 793 820 874 883 900 907 921 934 938 944 
52 26 40 73 86 133 198 217 238 279 294 302 351 355 377 390 395 396 404 423 432 433 435 450 452 507 533 545 550 570 584 597 617 662 675 735 757 762 778 782 796 799 806 844 876 877 893 897 903 904 907 915 916 
46 2 76 77 88 92 126 182 207 246 251 255 266 285 305 317 322 327 344 393 406 415 521 532 534 543 545 551 567 587 604 648 676 728 774 808 815 842 888 892 896 900 917 925 947 993 994 
40 21 24 72 75 183 231 266 285 288 320 325 332 335 344 357 371 373 405 417 423 456 485 499 611 645 659 695 699 738 762 785 817 825 832 843 859 861 881 900 948 
46 47 90 100 105 117 124 131 168 184 194 214 218 284 316 318 321 333 374 400 408 417 428 430 431 442 471 475 527 537 571 580 582 593 616 623 663 691 713 769 819 831 870 888 894 930 937 
36 6 14 24 42 45 72 153 157 172 182 204 240 251 293 383 410 445 478 484 487 496 498 502 520 539 540 544 588 595 671 714 840 865 944 969 973 
53 23 65 81 88 127 142 149 150 156 189 192 193 201 263 315 330 383 413 422 459 483 486 555 573 583 584 593 602 617 622 650 653 657 665 687 702 724 742 745 756 771 782 792 807 812 839 847 854 864 870 887 914 995 
45 42 83 106 139 147 161 196 218 228 250 272 312 351 357 369 375 404 421 441 451 458 470 544 570 582 599 674 691 713 738 826 833 836 868 878 891 895 908 910 918 953 955 982 983 986 
44 1 79 87 112 124 170 203 206 231 374 427 428 431 438 467 493 497 508 561 594 599 606 611 616 622 625 636 655 682 728 732 766 800 802 807 818 843 870 905 918 923 942 951 960 
51 18 24 28 62 77 117 129 142 179 190 197 231 245 269 276 295 309 313 350 354 362 371 435 440 459 482 483 544 571 586 620 621 625 661 665 667 710 730 751 778 783 841 846 861 865 870 883 888 939 944 972 
49 12 38 68 90 110 120 160 182 190 197 238 268 312 313 379 383 389 398 404 421 427 460 504 509 526 545 594 597 632 652 675 681 686 705 718 735 742 768 795 812 819 820 830 856 884 887 898 903 943 
46 8 19 37 45 56 57 96 135 140 164 181 203 245 247 313 320 333 339 347 367 382 387 402 403 452 454 462 477 497 566 580 588 629 673 686 720 725 803 835 871 873 900 906 921 932 970 
57 10 58 67 97 104 114 139 159 165 219 227 276 312 359 379 381 382 401 413 451 463 476 530 532 542 584 592 598 602 606 610 620 623 628 659 667 687 696 713 721 752 757 768 770 802 814 827 837 843 856 886 899 913 918 970 983 1000 
47 3 68 82 84 124 134 153 171 188 193 194 293 304 314 315 357 358 363 392 393 402 489 490 495 500 505 516 533 536 643 675 692 741 744 835 847 856 869 905 915 916 927 943 946 949 954 973 
41 32 73 87 88 216 223 255 277 283 294 324 326 362 376 482 529 566 591 622 633 649 668 670 681 717 719 747 750 755 768 801 804 806 821 830 855 925 950 966 985 995 
47 15 16 32 69 87 127 139 150 156 165 171 204 331 337 350 352 372 374 387 393 413 420 461 463 475 480 517 538 563 598 632 641 643 651 657 697 725 731 820 829 861 871 883 886 921 955 985 
54 39 65 68 77 84 121 163 181 187 213 246 273 299 314 323 337 373 382 393 424 439 443 449 450 452 460 463 475 515 518 536 587 608 645 653 677 700 701 736 780 794 821 837 838 841 877 883 904 924 941 952 955 971 994 
44 44 90 111 121 130 134 174 241 277 278 283 284 292 297 360 369 384 398 410 423 424 448 470 483 491 533 574 678 680 683 688 693 742 763 797 801 816 823 839 895 897 906 910 929 
48 5 14 16 35 36 56 90 98 130 180 185 225 236 314 325 334 363 376 381 388 421 429 447 452 456 459 468 500 505 524 530 593 645 674 702 730 733 734 740 747 748 809 870 872 923 980 988 995 
51 2 29 47 58 65 132 154 173 192 193 232 266 273 297 307 317 362 367 411 412 436 472 483 509 520 539 559 574 585 595 609 617 631 639 659 662 683 693 776 780 783 842 849 858 885 890 909 911 963 973 988 
53 3 29 58 123 172 187 218 234 240 254 262 263 265 272 273 283 353 367 374 421 494 504 518 519 528 548 568 626 645 646 667 674 677 697 699 701 721 729 732 736 738 742 747 775 790 820 881 888 906 928 959 960 968 
57 27 32 57 58 60 83 86 89 101 105 123 145 168 171 205 207 209 242 246 254 279 316 328 342 361 375 445 468 489 541 558 563 582 586 587 589 595 607 609 623 626 639 671 676 688 692 756 779 784 787 816 828 882 924 936 968 999 
46 21 76 85 91 117 124 127 147 148 166 170 175 178 191 258 287 292 293 306 322 425 430 431 437 457 462 504 512 549 558 607 637 683 705 711 723 740 766 774 780 781 796 855 868 952 991 
53 42 44 65 70 72 75 90 98 145 174 184 201 280 290 298 342 379 386 432 444 472 475 478 508 516 523 575 674 695 698 707 710 721 734 747 752 762 770 795 821 829 841 847 852 857 858 860 872 882 896 908 963 975 
53 13 56 118 143 148 153 170 182 203 210 213 214 228 246 270 315 330 338 359 368 373 388 406 420 429 463 481 484 494 501 508 549 567 572 609 632 645 666 732 738 781 808 824 838 847 852 876 879 892 898 900 948 981 
55 7 24 79 123 157 175 243 247 263 281 319 340 349 387 388 403 429 440 454 460 472 474 476 508 529 530 546 552 558 561 601 610 625 658 665 683 705 737 742 754 788 794 811 818 840 846 849 852 888 913 928 950 961 973 991 
43 4 13 20 52 58 121 133 138 160 233 341 351 353 365 375 386 413 435 442 521 529 549 561 570 597 621 657 697 709 741 745 796 797 806 810 836 838 841 889 937 975 988 989 
57 13 24 25 42 92 98 118 122 133 160 200 208 258 268 273 290 309 337 350 352 356 391 406 407 423 425 463 476 478 485 544 548 592 596 615 639 651 653 673 688 701 703 704 736 774 793 799 809 885 900 910 933 934 982 989 998 1000 
43 83 86 128 179 185 203 226 253 277 318 327 336 366 410 452 454 469 508 566 612 617 622 628 632 636 646 652 657 694 747 757 761 784 787 793 800 814 845 933 938 939 988 993 
53 16 32 46 48 76 79 118 119 122 128 155 157 239 258 272 282 323 325 327 344 372 469 479 508 519 523 537 551 554 555 596 597 640 678 719 721 771 793 812 813 817 824 852 855 859 875 881 913 920 970 980 997 1000 
50 16 20 21 27 71 89 108 124 126 156 163 169 205 225 230 284 292 310 325 334 381 394 408 458 462 509 557 574 593 595 602 605 623 626 647 654 740 787 831 850 852 857 928 935 948 953 955 968 979 990 
58 4 7 10 11 34 157 167 181 190 205 211 218 219 220 221 224 248 251 288 299 365 411 423 424 439 440 441 442 533 543 550 571 574 612 620 631 665 678 680 692 694 701 775 791 809 812 828 840 843 860 874 885 909 929 931 950 954 967 
37 88 93 94 99 111 165 198 228 264 265 276 287 342 401 473 490 570 574 621 658 683 694 709 731 748 796 819 839 856 875 905 909 913 934 975 996 1000 
56 11 38 58 67 73 85 123 145 179 185 191 211 221 229 239 259 274 301 311 325 333 335 370 371 419 427 444 467 479 504 525 542 585 597 602 622 642 654 676 682 683 685 692 703 725 751 758 827 828 836 851 873 922 967 978 990 
45 15 37 42 108 109 110 115 139 220 248 251 270 293 304 309 321 324 329 355 369 408 447 456 497 499 506 536 541 568 572 595 642 648 669 716 751 761 798 814 824 863 873 920 963 987 
44 23 27 28 40 79 113 123 151 157 207 211 285 299 380 404 412 418 437 463 464 471 490 500 552 559 582 601 671 709 710 751 753 803 822 858 877 916 922 935 942 963 966 976 984 
58 4 7 19 49 51 56 74 89 94 111 128 230 242 251 259 302 324 335 343 354 366 378 381 449 463 471 489 522 523 569 584 611 622 633 651 670 690 699 704 724 794 801 805 810 867 869 874 886 888 892 907 913 940 956 962 963 973 980 
66 14 15 30 38 51 81 116 126 140 159 162 182 207 208 242 243 247 249 298 313 332 348 354 365 376 379 404 407 460 474 475 480 496 512 517 554 575 584 586 587 597 615 618 621 637 650 659 690 695 708 776 780 787 790 804 807 809 853 858 869 871 888 892 909 913 967 
51 8 22 30 93 107 125 150 157 209 229 230 269 288 296 308 313 315 386 403 481 495 496 523 526 544 577 593 598 623 668 678 697 715 723 738 751 754 765 825 830 840 843 844 858 874 876 883 920 923 956 986 
47 52 69 143 156 200 228 231 280 285 341 342 353 405 409 411 433 514 537 538 575 580 586 590 620 646 657 666 694 697 699 726 766 787 812 824 827 833 841 854 874 877 900 907 949 956 983 999 
45 49 52 68 121 135 145 156 162 246 248 259 262 270 297 325 328 340 344 348 360 373 443 454 462 522 534 543 545 561 583 628 653 736 766 768 791 817 818 861 893 903 904 979 991 992 
59 34 51 72 80 103 112 118 132 147 157 179 195 198 208 213 221 253 269 283 292 301 302 303 319 362 384 408 422 441 471 499 502 503 511 524 544 588 609 621 627 633 659 665 671 676 687 700 722 733 748 766 812 830 841 872 884 902 906 942 
49 17 31 38 52 67 73 80 83 92 133 185 244 264 341 349 360 390 396 434 440 467 501 509 516 526 564 643 644 656 661 684 687 705 715 718 745 755 757 778 784 789 806 809 818 833 918 938 978 981 
53 13 113 118 151 160 163 171 187 190 212 219 235 250 258 270 273 288 292 319 354 355 370 372 381 383 385 431 436 495 524 549 551 558 590 661 694 702 707 740 767 773 785 819 821 834 855 857 869 891 918 927 952 987 
51 8 16 19 26 54 57 69 105 114 162 164 171 172 237 275 293 302 303 306 312 325 340 343 355 397 403 405 410 433 436 470 488 551 561 592 596 662 663 691 724 735 754 779 784 841 842 847 877 879 943 988 
41 17 36 94 100 101 114 136 144 157 169 178 184 215 222 298 312 329 340 343 435 460 549 552 562 572 605 617 654 722 781 802 804 820 842 912 914 915 931 943 974 984 
49 32 101 117 146 165 183 197 205 216 236 237 266 274 288 305 336 366 403 510 513 539 553 582 601 602 619 716 736 764 765 767 777 784 805 807 808 812 815 816 827 832 834 851 881 886 960 986 987 992 
46 33 38 39 66 69 98 102 122 158 180 185 186 189 207 215 239 263 319 320 360 366 372 374 378 400 403 439 464 481 530 537 547 563 588 589 603 649 748 768 803 809 846 870 879 925 990 
41 15 30 41 52 63 69 112 133 156 216 222 262 288 300 367 377 397 400 409 417 468 469 498 525 533 537 562 579 591 596 698 718 731 744 747 828 861 896 980 986 995 
39 20 23 35 39 54 61 100 108 130 144 153 159 214 257 260 280 342 364 375 383 402 407 492 515 522 591 599 635 636 640 675 733 781 833 854 867 887 896 919 
51 28 33 42 75 82 101 106 123 158 185 190 198 200 235 272 333 347 356 369 383 409 425 430 482 498 589 604 610 646 649 685 709 712 729 761 768 775 782 794 799 810 813 831 839 855 884 933 948 949 960 974 
34 64 106 114 170 177 185 218 239 287 341 353 357 369 372 417 440 493 519 537 539 582 595 630 720 748 787 796 874 883 912 945 951 953 971 
50 17 62 85 103 106 111 113 116 141 144 163 177 198 205 208 238 286 294 310 311 320 328 354 359 367 397 410 442 496 503 507 553 588 609 654 658 679 720 754 760 772 800 803 806 817 839 859 917 950 966 
55 24 27 39 124 130 145 152 155 157 171 232 267 276 280 312 317 329 375 377 382 394 395 399 431 447 480 488 496 508 509 545 561 566 578 613 635 646 648 672 690 694 730 771 776 781 795 835 857 884 918 922 963 968 972 977 
51 61 102 111 165 166 183 186 200 235 240 272 281 306 316 337 342 344 362 365 368 380 382 399 413 443 460 462 484 490 493 523 526 577 594 595 601 639 641 681 698 699 717 724 761 811 813 828 833 855 906 980 
46 1 5 6 55 68 78 98 133 159 179 184 185 196 255 350 369 387 412 443 450 453 477 481 484 516 544 547 574 660 661 670 685 731 736 749 754 823 857 859 875 886 893 899 952 973 990 
52 16 25 35 40 43 48 78 83 117 130 153 165 198 289 299 312 315 340 343 346 354 363 377 407 425 430 448 456 471 482 501 506 509 515 537 540 558 663 700 726 786 792 798 819 856 866 875 924 936 943 944 951 
47 22 24 51 69 70 85 87 90 160 176 230 241 254 281 282 285 286 302 343 355 372 373 390 414 432 435 452 477 492 510 537 553 560 633 676 730 737 738 754 790 813 867 877 889 955 963 983 
44 1 10 14 21 49 52 75 97 102 110 126 144 160 165 254 332 341 372 389 427 467 473 533 548 549 566 568 591 643 648 658 677 734 745 753 754 793 820 837 891 923 949 963 975 
52 33 48 57 62 67 90 93 101 123 170 177 178 183 197 259 294 306 351 366 373 387 399 450 466 470 540 545 550 551 570 588 590 594 610 617 638 656 668 692 723 748 754 764 820 832 879 886 889 897 922 944 965 
50 22 28 41 42 44 54 116 138 142 176 201 208 223 231 240 286 298 311 352 353 393 411 429 497 561 569 618 624 636 642 665 671 698 732 737 746 785 796 808 812 829 868 872 879 883 886 915 921 947 996 
44 5 12 22 29 83 112 160 184 188 191 205 213 221 275 286 303 311 316 332 345 364 393 428 429 534 535 545 562 701 752 760 761 783 808 811 814 829 838 874 876 898 954 962 991 
38 29 49 57 68 93 102 133 150 214 228 290 294 315 332 389 390 392 426 439 447 467 470 535 553 572 605 611 623 634 651 664 704 756 807 848 853 949 950 
48 36 50 61 97 114 152 160 167 186 213 228 242 273 335 346 398 407 416 422 433 463 489 498 536 582 588 594 605 610 613 614 617 656 661 668 690 693 734 747 754 845 869 902 906 918 931 966 981 
43 9 32 44 85 89 107 135 137 138 165 168 170 196 199 209 211 220 240 247 274 278 317 348 444 504 519 597 612 619 682 700 716 769 783 790 829 868 874 889 895 955 956 959 
