100 1000
54 35 37 44 77 78 85 97 100 112 113 116 120 140 142 170 173 182 195 208 253 259 269 298 306 318 358 392 421 435 450 451 455 470 475 496 504 538 545 584 623 669 695 699 793 822 833 851 860 885 905 907 956 978 981 
44 11 19 36 49 77 88 92 137 152 163 190 204 275 318 332 362 374 435 475 476 491 496 533 563 586 638 639 650 652 682 737 743 747 751 762 797 835 869 881 893 923 941 945 954 
55 19 58 78 100 106 107 125 165 173 185 194 244 249 264 283 296 317 319 329 337 339 354 364 412 413 437 466 488 516 548 564 577 591 600 612 618 653 679 690 732 748 771 787 788 813 825 826 828 839 855 902 929 942 990 997 
57 31 37 42 43 65 68 80 85 87 98 112 124 145 165 166 171 173 222 240 268 269 284 292 330 344 391 426 437 441 454 457 470 474 479 480 503 515 521 574 590 596 609 614 617 632 652 660 662 670 681 691 823 863 872 929 947 956 
41 3 42 65 70 109 121 122 143 194 205 221 225 245 291 298 337 405 419 442 451 466 489 500 505 546 547 629 659 664 680 756 757 767 780 800 848 941 969 972 976 996 
52 52 66 70 84 111 118 141 145 158 186 212 224 234 246 247 252 272 293 320 325 340 341 348 351 355 361 367 388 405 410 418 426 429 448 471 472 486 544 564 702 706 713 757 779 809 825 842 884 913 941 944 947 
49 2 51 105 129 130 141 161 184 220 257 267 279 298 316 345 390 391 411 438 445 448 497 503 537 548 562 593 595 618 621 628 633 691 731 765 769 775 780 787 816 844 849 855 865 881 899 906 971 974 
66 27 34 49 98 110 171 217 231 251 259 262 272 273 287 297 301 305 307 356 379 403 426 432 445 451 488 493 500 501 511 513 525 538 558 562 567 579 584 585 602 609 613 616 624 625 626 636 643 700 701 721 728 828 836 837 849 881 902 913 935 945 946 962 964 965 991 
45 13 15 35 54 72 86 117 125 141 194 230 241 263 264 269 276 303 317 325 423 446 495 499 566 575 586 594 630 635 643 687 707 723 741 742 783 800 813 817 850 860 869 897 900 973 
57 35 39 41 53 97 118 158 169 179 223 249 261 279 304 352 364 375 409 414 431 456 484 485 487 503 514 521 543 554 583 610 611 614 621 625 684 692 698 716 749 778 804 815 830 836 862 870 872 875 884 897 912 915 953 975 987 998 
40 4 11 32 35 82 83 107 122 130 185 259 269 276 308 333 378 421 427 472 486 515 519 524 527 672 692 701 724 734 746 761 776 805 809 847 857 892 937 950 956 
49 24 28 37 57 66 87 96 107 112 134 150 193 211 268 284 289 295 333 362 400 422 433 465 472 498 532 533 539 616 656 658 672 730 734 757 779 801 825 847 850 861 902 916 922 925 950 953 972 991 
61 12 19 22 36 63 72 84 109 118 120 127 147 151 198 237 244 251 264 269 278 284 296 337 355 361 373 377 378 394 412 435 448 456 484 496 508 524 544 572 575 592 611 622 629 632 646 706 708 724 735 746 755 804 827 861 870 879 917 936 987 991 
54 10 63 99 103 131 134 136 152 175 184 185 201 225 226 231 266 276 285 315 327 342 358 375 397 432 447 454 457 459 476 500 554 567 569 619 635 640 641 657 681 701 742 750 800 810 831 910 928 929 958 965 966 970 975 
49 36 38 76 77 99 146 152 179 199 225 256 268 281 284 287 359 366 368 417 425 426 440 474 495 505 558 559 572 579 601 620 626 653 671 685 701 769 813 846 862 871 876 891 892 898 911 919 925 949 
61 44 51 88 117 121 130 152 172 206 208 218 236 239 271 278 291 313 315 332 351 355 356 357 391 399 452 458 500 528 531 538 558 587 599 614 672 685 708 718 726 744 746 776 783 788 801 805 819 828 846 859 864 870 883 920 948 951 983 985 995 996 
45 1 21 45 60 84 90 97 105 201 213 218 230 262 270 316 327 348 378 415 466 488 508 553 571 625 628 653 667 694 735 758 776 777 780 814 816 827 836 864 867 886 908 941 960 986 
45 31 57 94 97 161 178 182 183 219 235 270 273 282 310 332 334 338 356 364 366 369 382 437 460 577 579 601 615 635 658 673 706 709 711 746 750 760 794 798 811 827 828 860 921 922 
48 9 11 34 42 56 100 119 127 179 184 196 221 248 262 277 289 296 307 309 335 338 362 368 395 437 468 492 494 516 575 584 622 647 649 667 697 711 723 748 770 831 832 854 870 897 927 935 950 
53 4 18 23 70 126 136 176 180 189 216 230 237 282 287 300 310 315 319 330 333 339 355 383 397 406 414 454 455 463 499 527 528 535 573 574 681 701 722 762 778 788 794 810 819 828 833 869 913 928 939 978 982 991 
64 14 28 35 49 54 71 90 104 119 126 136 137 149 176 196 203 224 225 227 283 293 297 309 333 351 377 397 399 405 408 424 438 446 485 488 489 507 529 590 591 601 606 633 640 645 652 663 704 717 764 765 767 800 846 857 870 896 898 900 901 926 928 929 949 
51 22 32 40 48 66 109 121 151 167 194 222 225 244 267 284 328 354 362 396 413 419 427 438 461 468 480 516 521 525 531 540 561 570 591 594 600 615 619 622 635 705 745 750 759 790 793 853 868 897 941 968 
48 24 31 35 41 72 73 82 118 126 154 161 172 186 195 208 220 262 278 324 338 373 390 398 413 419 460 471 486 506 515 567 583 671 695 725 740 768 771 778 785 800 801 825 826 899 913 988 1000 
50 53 89 97 98 156 158 162 164 165 169 173 188 197 203 224 235 241 247 281 308 321 323 337 417 431 434 445 449 455 503 522 562 573 575 595 615 651 680 709 715 737 740 745 769 770 781 788 859 908 995 
54 25 31 42 64 115 118 122 179 185 196 221 223 290 291 303 309 338 356 362 370 394 399 445 449 462 466 486 492 502 584 593 598 630 638 645 646 668 715 723 740 751 752 753 759 763 772 788 803 835 851 893 910 958 999 
63 3 10 39 43 63 93 99 114 127 130 137 152 169 178 201 203 243 288 289 319 331 336 352 359 362 364 399 419 424 445 469 481 490 497 500 501 509 510 511 540 559 598 663 666 685 703 720 738 740 779 788 815 816 840 843 846 899 919 933 947 976 985 1000 
51 31 57 61 74 91 108 110 123 131 149 154 158 172 186 187 189 190 193 247 259 283 293 302 341 372 394 449 475 476 498 502 521 557 573 592 671 693 695 723 734 738 802 804 806 819 837 883 947 965 966 973 
47 6 10 12 37 52 75 101 119 135 138 215 230 240 304 349 379 380 392 403 449 510 516 527 531 560 565 593 606 608 665 683 724 739 744 748 761 766 808 818 837 856 858 860 864 900 914 957 
53 2 8 9 20 40 94 96 126 133 161 163 164 172 202 203 244 259 287 290 300 330 352 363 404 433 435 442 454 544 573 574 575 593 643 663 669 675 724 752 768 779 781 835 837 854 914 931 933 937 938 965 968 982 
50 8 21 57 59 134 170 175 219 235 255 262 264 272 274 304 311 317 330 361 372 376 384 412 415 445 460 464 465 524 543 550 597 612 617 622 677 690 691 692 734 758 784 798 805 811 846 858 919 930 977 
45 24 71 85 105 128 132 149 188 193 254 258 280 292 297 301 302 346 371 408 430 458 461 501 522 534 535 564 662 665 678 707 718 724 732 746 748 796 853 900 904 925 934 951 973 987 
53 16 35 62 65 73 77 119 123 144 206 295 308 318 322 329 345 352 393 396 436 468 476 522 528 530 543 545 654 658 672 678 689 693 700 717 720 724 741 753 754 773 798 822 823 844 865 871 885 897 932 960 963 986 
42 32 38 163 175 182 184 273 285 327 349 381 388 414 450 454 506 555 567 569 585 595 598 623 626 629 669 676 712 722 726 787 796 814 855 882 915 922 939 948 961 968 991 
53 1 104 109 167 197 200 216 228 231 238 244 247 251 252 331 336 349 369 371 375 389 430 475 482 486 487 488 516 519 534 535 548 578 610 617 630 634 681 706 708 741 750 806 824 834 837 857 898 903 940 965 979 990 
47 14 49 86 98 113 178 197 199 217 231 253 292 330 334 359 378 438 472 534 548 570 571 573 580 582 597 654 687 689 719 723 744 759 770 783 798 813 814 834 865 875 934 935 940 953 981 984 
64 20 59 72 86 97 103 124 125 128 131 134 138 162 179 185 201 207 219 226 243 266 268 284 297 312 313 315 358 362 379 385 396 411 443 459 467 522 531 547 585 613 616 619 631 665 672 698 718 739 792 816 828 844 849 878 913 929 931 935 945 965 967 977 1000 
47 15 17 53 77 98 107 179 204 217 308 311 326 337 362 402 457 461 468 487 519 531 556 570 588 593 627 660 672 674 675 677 696 701 703 725 748 762 769 774 785 799 894 927 932 939 983 988 
56 44 99 111 113 143 161 169 190 192 211 215 236 273 287 291 304 316 325 359 388 392 399 400 407 425 458 460 471 473 474 493 512 541 553 564 568 601 602 645 654 658 665 688 709 749 760 785 868 881 901 906 922 942 958 967 991 
49 13 14 36 45 46 88 104 130 143 145 151 183 210 211 221 225 233 245 257 266 274 282 323 341 349 361 370 397 420 439 465 519 542 543 569 584 636 662 695 719 726 827 886 910 919 934 973 978 1000 
52 43 47 56 58 60 69 75 83 92 93 94 165 169 195 209 225 227 236 251 266 287 299 301 319 327 391 490 525 528 538 559 576 608 609 644 654 680 681 726 756 796 829 839 850 884 892 896 911 931 987 993 999 
39 116 135 171 187 216 226 246 288 292 302 409 432 467 468 470 479 610 628 649 651 676 678 691 732 755 761 785 800 842 859 865 892 917 931 958 977 979 985 998 
67 18 39 62 69 73 90 149 168 184 196 199 201 211 228 261 269 273 274 289 313 320 346 347 374 410 420 422 428 440 459 470 477 495 530 531 533 547 602 614 625 628 668 711 716 717 728 734 738 798 811 846 880 881 893 906 916 927 928 932 933 941 962 969 972 980 987 994 
53 6 23 72 79 90 139 146 157 159 163 186 200 202 204 224 228 231 244 247 292 297 327 337 344 347 366 374 430 460 467 491 495 531 537 543 579 597 609 634 635 701 710 711 760 787 821 865 926 928 939 944 952 987 
43 2 14 15 18 35 39 59 96 126 137 143 151 160 164 184 196 246 253 261 347 387 393 464 479 488 494 539 556 608 609 616 659 667 697 816 840 862 886 892 912 934 974 999 
48 33 44 57 60 95 103 139 149 158 242 246 252 267 290 300 301 303 320 322 324 329 342 361 363 472 473 534 546 584 605 612 615 622 637 639 659 671 676 734 745 776 816 876 885 890 924 943 959 
51 17 21 40 43 50 56 98 103 107 112 117 154 168 204 206 245 276 350 378 413 418 442 456 461 473 552 562 587 591 595 596 609 610 659 686 694 702 712 730 744 770 800 825 836 868 869 879 926 936 943 992 
63 11 16 28 43 69 82 115 140 164 170 181 231 236 241 301 302 317 331 353 355 364 373 405 408 428 433 435 444 470 495 501 503 520 557 558 562 569 573 641 645 699 725 749 756 762 774 809 816 824 837 840 857 865 868 871 898 905 906 911 933 984 986 989 
51 11 41 46 74 77 120 124 135 165 220 249 251 268 284 296 326 346 359 360 393 394 405 411 412 473 477 534 536 549 581 628 637 640 643 673 677 685 693 695 712 735 762 788 865 869 891 941 943 952 977 981 
52 4 5 23 33 36 58 103 149 157 198 199 222 243 288 320 332 344 352 396 483 505 506 511 517 544 551 555 571 584 635 637 646 673 680 695 709 714 725 734 736 765 772 779 780 857 885 894 899 923 965 978 981 
41 1 36 42 52 70 73 74 75 162 188 235 237 242 245 257 309 315 342 395 440 486 501 514 515 517 526 551 558 568 570 602 634 640 703 744 748 773 779 816 966 996 
55 12 23 41 58 63 96 123 124 127 169 178 199 208 214 235 254 269 299 334 336 350 353 367 383 389 397 458 467 471 495 496 509 518 569 579 580 620 639 663 675 676 698 713 714 824 834 856 876 896 915 917 950 970 980 992 
53 4 52 93 111 147 152 176 197 202 230 244 297 304 339 365 386 388 392 395 415 448 450 469 500 538 557 562 568 569 582 596 606 619 655 662 669 674 682 687 725 743 758 774 795 845 857 868 918 942 964 985 992 1000 
52 10 37 83 84 87 94 104 181 198 201 257 289 293 296 323 352 366 368 375 405 422 453 462 518 522 523 595 607 621 628 669 673 675 681 692 714 716 740 767 788 796 815 840 844 851 855 859 868 871 881 888 917 
45 54 65 67 112 145 152 180 208 216 251 320 333 337 359 371 382 420 442 448 451 461 503 600 604 652 673 679 687 692 705 722 750 797 816 817 820 825 828 872 882 909 936 953 981 984 
47 6 36 61 71 125 179 186 212 230 234 246 282 315 330 344 354 360 362 368 374 423 435 453 494 513 522 540 614 619 624 650 684 694 711 730 743 834 853 903 926 933 959 963 965 991 993 996 
40 46 104 137 142 159 174 178 194 213 239 270 322 333 341 350 394 412 413 464 525 552 582 584 597 611 631 643 668 675 725 775 802 819 820 824 870 874 891 903 969 
58 10 22 24 39 43 48 69 83 103 111 114 117 124 141 152 155 166 196 225 257 302 311 327 369 417 425 455 467 477 478 496 518 528 542 543 547 555 606 620 627 641 663 664 702 712 741 751 812 817 835 840 907 911 919 953 967 976 987 
59 18 31 86 88 145 162 179 204 235 269 327 344 345 357 361 372 375 400 403 406 417 418 465 467 470 508 523 528 579 588 602 603 616 619 626 630 652 668 673 690 722 746 767 791 793 805 834 858 868 899 906 918 938 949 954 962 968 996 998 
57 16 25 76 109 152 153 164 165 169 175 260 269 288 289 307 316 325 387 402 412 473 481 501 502 507 536 540 542 544 556 585 597 605 607 623 629 675 678 716 721 723 732 739 803 807 824 846 848 879 880 888 892 912 924 947 951 958 
38 35 52 82 100 146 148 162 169 170 208 226 235 251 269 275 360 366 377 392 394 416 430 466 475 487 560 594 635 685 688 735 757 797 832 843 853 858 903 
58 21 28 77 90 112 123 132 156 167 183 196 209 213 217 232 234 244 305 325 335 339 345 410 418 420 441 442 451 498 534 556 581 613 629 631 652 675 676 690 723 727 742 756 778 779 792 798 836 876 898 920 921 927 928 938 939 943 963 
39 4 42 64 100 107 115 128 196 208 222 242 268 289 326 360 378 442 457 518 536 553 570 590 625 631 683 729 741 758 839 866 878 897 901 915 944 947 975 991 
47 35 43 101 105 149 170 183 200 229 266 285 302 317 344 364 366 370 387 388 423 437 449 474 506 561 568 588 602 616 619 621 722 744 757 764 795 800 803 808 844 913 927 932 951 979 981 982 
56 7 10 21 68 78 119 128 157 158 169 173 191 213 228 254 266 274 290 320 354 365 373 375 391 423 430 439 499 509 516 558 569 595 605 607 618 623 624 643 647 682 730 750 768 782 838 849 874 886 901 913 928 939 954 982 985 
50 11 22 26 70 104 108 114 143 156 197 200 242 251 257 281 308 317 325 350 366 374 398 431 435 481 484 486 546 558 576 589 613 639 647 669 691 728 747 765 778 780 791 823 844 868 892 910 915 940 962 
39 3 5 113 131 186 194 223 266 272 311 317 355 416 458 500 526 541 598 603 611 615 630 658 661 676 690 734 741 811 833 865 900 905 912 916 920 958 977 994 
58 1 20 24 39 58 62 88 98 108 136 149 166 175 226 244 263 269 270 274 283 307 309 321 339 377 406 408 426 493 523 533 555 561 563 564 577 578 581 616 635 649 657 659 665 715 727 742 772 791 803 843 887 894 924 965 966 977 991 
38 32 59 61 96 102 112 219 229 303 394 420 424 428 464 466 473 499 540 588 637 644 665 691 701 724 766 781 802 807 815 844 883 898 911 939 942 944 952 
53 27 37 38 51 67 69 91 108 126 142 184 217 224 257 273 303 304 312 319 327 328 361 369 373 375 410 423 427 470 498 521 533 568 579 653 656 663 676 678 730 800 862 902 913 924 925 926 930 935 941 944 950 961 
58 2 57 61 141 151 163 175 208 216 222 243 257 265 273 321 356 362 381 386 397 414 428 486 489 518 557 587 592 607 617 644 659 676 681 687 690 695 708 727 768 773 776 794 800 824 850 858 882 883 901 910 913 919 925 934 950 961 994 
66 14 16 43 80 97 99 119 142 152 154 169 176 187 188 193 210 215 218 247 257 264 267 297 313 325 346 354 355 360 364 368 392 395 410 414 446 492 553 581 639 644 672 674 675 695 700 741 749 756 760 765 818 837 838 843 847 856 863 864 879 883 899 912 929 945 956 
64 25 39 60 69 97 100 106 112 124 150 176 180 182 215 227 242 248 249 254 259 272 291 307 313 329 384 403 407 413 422 509 513 519 543 559 561 584 599 604 646 663 675 691 694 711 724 740 744 749 756 763 778 791 813 872 882 883 898 903 904 948 952 969 970 
48 34 51 116 125 153 156 181 199 201 234 248 262 295 341 354 371 411 412 415 435 443 462 532 536 545 549 553 592 640 643 685 717 724 729 772 797 818 820 828 860 874 917 921 955 960 964 975 994 
50 67 85 93 104 143 200 225 230 243 250 287 291 296 303 308 321 335 365 404 429 433 441 456 506 531 551 558 564 572 580 606 640 647 685 708 725 760 766 770 791 821 826 828 837 850 872 910 931 940 975 
59 23 51 54 74 92 94 95 101 110 134 189 219 238 255 262 267 270 279 288 298 301 317 327 335 343 396 397 402 416 417 429 433 463 471 473 483 488 506 509 550 560 585 587 658 660 669 710 726 733 739 742 765 817 818 853 927 948 968 973 
53 9 22 35 67 77 126 130 133 159 196 218 227 253 273 275 295 331 333 342 377 387 423 435 436 451 454 458 504 530 537 569 612 622 647 661 689 692 696 713 725 743 745 787 800 874 875 883 889 904 920 954 970 999 
61 38 49 50 55 57 67 79 81 132 133 144 164 187 188 209 226 229 268 269 289 300 319 331 337 343 358 371 383 393 397 408 436 439 445 490 507 517 552 560 575 584 610 615 659 670 683 690 719 720 762 765 770 833 834 851 890 946 960 978 983 995 
51 11 64 81 97 109 112 122 154 177 211 238 239 242 271 318 335 359 365 391 398 421 451 466 497 506 521 580 610 622 629 641 642 658 666 669 677 713 725 730 741 744 762 806 867 875 888 890 895 898 960 968 
53 35 52 67 107 108 112 152 184 213 219 242 247 248 250 313 318 328 331 333 357 358 363 367 389 412 414 421 480 490 491 496 501 524 527 563 567 572 576 587 591 594 603 643 679 721 730 740 780 807 811 897 942 972 
60 7 9 15 21 50 67 68 140 145 184 186 247 266 267 271 273 280 288 313 328 374 403 407 412 420 435 437 496 507 512 519 523 524 533 547 553 586 601 651 675 683 689 698 712 720 725 728 749 762 764 833 841 852 858 871 898 909 944 946 952 
54 22 23 24 35 56 72 82 107 125 231 232 244 250 272 275 283 302 347 361 376 390 405 426 458 465 488 489 497 501 518 521 604 616 627 649 673 690 712 723 744 755 771 775 780 789 793 800 823 858 877 880 895 973 983 
67 14 16 23 36 89 110 128 138 141 143 160 166 169 171 173 184 231 248 270 278 303 312 324 333 362 391 396 409 457 474 487 498 527 537 538 548 556 591 630 644 660 661 686 689 692 696 714 716 717 720 721 741 759 782 784 808 823 837 853 858 879 912 913 932 952 982 1000 
45 23 25 37 80 84 117 128 137 145 148 163 189 190 230 237 239 249 312 335 362 389 391 419 442 451 470 471 473 483 504 551 570 576 600 608 618 620 643 668 781 798 876 910 912 979 
64 2 11 23 97 105 117 131 141 154 173 180 191 212 225 262 296 309 315 344 356 357 360 397 409 425 428 432 486 509 555 557 560 585 588 590 591 671 689 699 719 725 729 747 750 754 771 773 784 789 790 796 807 808 814 819 925 928 929 931 941 962 968 969 972 
64 19 21 32 67 79 80 147 148 166 177 198 220 260 280 294 303 322 342 355 359 366 399 424 432 454 460 463 488 490 509 520 543 549 558 559 588 610 618 631 642 643 669 671 674 696 710 733 751 757 784 795 797 799 806 866 875 892 905 917 918 959 960 965 979 
48 51 79 110 169 194 206 220 221 230 263 288 314 355 363 364 374 390 394 439 476 486 492 504 506 507 557 558 565 580 613 664 678 714 724 768 780 795 805 823 827 858 875 879 911 913 945 980 997 
56 1 26 31 35 57 65 72 90 91 114 120 124 179 184 186 211 239 248 268 290 299 305 329 340 355 396 434 467 491 517 521 547 558 605 609 622 642 644 646 648 666 698 708 712 717 769 770 801 821 845 881 909 929 939 940 972 
58 16 22 24 35 46 62 72 89 117 150 168 173 190 252 258 275 297 302 320 345 397 401 422 447 458 492 517 532 534 554 575 582 591 601 630 635 639 645 647 648 668 682 683 703 718 746 749 751 772 809 825 830 865 888 932 943 960 994 
62 1 10 16 40 48 66 78 88 94 97 136 168 171 192 193 198 203 221 254 274 312 320 321 348 351 372 442 446 447 471 487 489 544 550 556 568 574 585 596 606 618 623 657 710 719 738 741 742 743 795 807 822 832 866 874 914 933 945 952 978 991 996 
56 1 30 69 79 112 114 117 171 262 266 321 329 337 340 345 353 363 387 392 417 419 424 492 548 583 600 602 630 633 639 644 652 672 675 678 722 724 747 756 776 783 784 787 792 796 800 832 845 888 899 901 903 913 942 955 985 
49 15 56 78 94 101 135 136 137 158 176 205 218 285 293 308 314 334 346 402 414 448 456 474 481 496 530 574 596 609 640 643 676 690 702 703 748 768 798 820 837 852 866 867 885 900 909 925 961 963 
48 19 96 106 126 147 168 217 261 265 290 313 314 336 342 345 387 412 421 427 437 438 474 478 508 588 595 609 630 658 676 679 721 742 768 771 784 830 846 868 870 896 899 918 943 947 980 983 1000 
57 22 46 56 67 101 117 173 183 185 199 225 252 264 295 296 320 323 326 327 338 369 384 442 444 455 456 465 469 472 494 495 501 511 527 556 557 593 632 633 637 670 693 711 733 788 800 804 815 861 890 901 923 946 947 963 986 992 
41 21 30 64 95 101 131 155 177 192 250 251 274 328 332 376 406 475 492 517 542 585 596 630 633 652 660 677 715 727 735 767 777 834 845 856 864 911 927 940 967 976 
36 48 115 120 127 134 140 158 228 279 318 331 378 406 456 562 571 572 642 656 686 809 816 818 837 840 873 892 911 917 922 943 945 956 970 981 997 
51 13 56 71 72 85 86 150 153 155 161 167 177 181 184 210 217 257 269 273 286 328 363 383 393 442 455 498 516 552 584 601 616 635 643 644 657 661 678 702 724 766 788 827 828 829 852 853 894 913 914 954 
45 29 73 146 171 230 231 236 240 336 345 420 437 460 485 494 522 525 528 529 532 545 551 600 618 627 667 698 700 710 748 755 782 786 837 846 857 864 866 881 888 935 961 984 993 995 
64 2 6 7 16 61 62 74 106 130 148 152 167 170 172 179 213 240 250 272 282 283 302 312 315 323 332 335 351 379 380 382 386 391 395 414 416 475 477 497 509 534 552 554 567 602 609 612 618 621 645 673 688 738 742 777 820 829 834 857 860 894 900 962 974 
53 23 39 70 99 119 138 168 179 185 212 213 216 226 250 276 301 326 328 360 370 377 386 397 419 446 462 496 553 586 590 601 609 616 659 669 670 679 714 730 737 763 782 790 811 861 894 901 917 979 987 992 994 995 
47 3 22 25 36 55 74 147 154 156 212 277 293 338 343 353 372 384 410 414 435 448 517 531 532 554 573 581 587 596 598 599 636 654 667 724 738 750 783 788 825 868 888 920 947 949 970 979 
