100 1000
85 18 47 48 54 71 86 87 96 112 125 130 152 154 161 204 222 233 241 246 247 265 266 270 298 304 314 321 365 376 384 399 411 412 416 435 436 445 446 452 459 475 486 488 492 494 499 505 512 524 554 562 573 579 604 624 655 675 677 679 691 699 737 742 753 760 782 795 797 803 817 827 842 843 855 865 870 896 923 925 938 950 951 956 958 971 
100 13 14 23 56 66 72 75 79 80 82 91 109 110 113 116 117 118 120 140 144 152 154 156 195 214 219 245 246 254 255 285 294 301 326 333 344 351 359 360 386 394 401 411 415 424 425 431 432 436 464 479 487 493 501 502 503 520 547 550 552 575 576 579 597 645 651 652 656 670 711 728 750 755 764 768 772 793 812 819 821 835 845 855 858 868 869 878 882 893 894 906 911 934 937 944 947 952 953 956 966 
118 27 29 33 37 51 52 59 87 88 90 93 99 100 150 161 165 172 173 180 188 209 238 245 256 273 276 277 278 285 286 291 302 304 307 308 318 323 329 332 335 337 354 379 382 385 402 406 419 424 449 451 458 460 496 508 512 522 548 550 553 556 567 573 574 596 612 626 637 649 650 659 671 680 687 690 695 701 703 705 706 707 711 713 715 716 718 722 740 748 785 786 791 806 823 829 833 842 862 867 876 885 888 891 905 927 935 938 940 952 953 957 963 965 970 980 982 983 998 
112 5 6 13 31 37 42 52 60 72 74 76 91 93 99 102 105 110 116 119 122 129 131 142 146 154 179 186 192 201 210 245 274 281 297 302 305 314 321 331 332 343 345 354 365 371 374 381 398 405 406 412 421 430 433 436 444 447 454 456 465 469 474 484 487 490 491 498 511 526 528 532 534 538 585 589 596 600 602 606 614 640 650 679 693 703 705 715 719 721 731 738 747 750 759 762 793 814 855 859 868 892 903 908 909 914 952 963 974 982 986 987 996 
102 17 28 34 41 46 56 59 64 73 74 91 94 108 109 124 136 145 147 190 195 201 208 215 228 240 247 266 282 320 327 329 337 363 368 378 382 402 412 419 423 425 434 447 448 450 452 458 462 487 490 493 494 502 542 568 574 590 607 610 615 624 629 645 651 653 672 680 713 715 720 727 732 736 738 743 746 747 753 757 774 776 777 796 800 813 816 835 841 873 877 881 889 898 909 910 912 935 946 955 970 982 987 
91 6 21 36 59 77 78 81 83 93 102 116 131 135 144 156 160 171 183 193 199 239 261 281 289 293 299 315 322 360 380 415 421 434 440 456 461 467 472 482 501 503 521 522 523 543 569 576 579 587 620 635 641 647 665 670 676 692 699 712 731 739 746 755 756 778 790 813 815 819 825 843 846 847 850 854 857 859 861 879 884 900 903 907 926 941 948 970 973 974 975 1000 
109 15 19 53 60 77 85 96 106 108 128 135 143 156 167 175 196 212 213 219 223 230 244 260 267 278 289 298 347 362 367 368 371 373 383 413 438 452 455 460 464 466 469 471 481 493 494 496 509 512 535 549 554 556 559 563 564 571 579 581 602 612 613 639 651 658 664 665 673 685 689 699 700 703 724 728 743 756 764 769 778 788 803 808 822 831 832 838 842 847 870 871 872 873 879 889 893 895 897 906 920 933 940 943 963 964 972 982 987 994 
122 14 19 22 28 36 40 42 43 44 45 50 51 79 82 84 95 99 117 125 140 144 147 155 171 173 175 187 193 198 204 216 231 285 287 293 298 305 318 323 326 336 341 362 375 381 401 412 413 417 419 430 434 438 446 452 453 456 467 510 517 527 538 541 556 563 575 582 583 584 587 606 616 620 621 626 638 654 658 661 673 681 683 685 694 708 727 730 731 732 736 739 757 768 771 776 777 791 799 800 801 802 809 828 831 852 855 884 896 897 898 904 905 906 907 914 924 935 939 940 961 962 987 
103 20 29 46 55 61 73 75 93 97 103 105 106 112 115 120 122 125 128 130 168 172 173 187 209 215 218 220 244 246 249 266 269 271 274 276 277 287 307 324 326 327 335 339 341 355 358 363 370 381 382 392 402 410 413 415 416 419 435 456 457 471 472 478 479 484 497 508 515 541 574 621 630 647 657 665 675 678 682 712 724 734 742 746 750 755 774 776 777 781 795 800 803 808 814 818 874 892 923 925 959 983 996 999 
106 9 22 31 37 40 42 48 50 62 67 92 96 98 113 122 127 136 137 140 145 149 163 172 197 201 214 216 220 237 248 251 258 264 271 276 279 290 296 304 307 308 322 332 335 338 351 353 357 370 375 385 397 404 428 433 437 460 473 488 491 496 505 515 528 532 550 582 584 613 623 637 638 639 641 644 650 678 689 697 701 710 717 720 749 755 757 770 774 776 785 788 800 837 843 852 859 869 886 891 927 946 959 963 981 987 990 
98 22 42 55 88 92 94 98 109 110 113 126 129 142 156 168 173 178 183 184 187 194 200 221 226 241 252 258 275 284 291 293 304 305 321 349 365 369 379 384 397 400 404 406 409 414 432 435 442 460 462 463 466 477 484 500 510 511 516 521 529 531 544 580 591 601 614 632 657 663 674 684 707 715 747 768 780 792 821 828 830 837 865 870 872 874 894 931 949 960 964 974 983 986 992 994 995 996 998 
91 14 17 24 26 28 29 69 89 90 101 103 118 121 133 140 145 178 192 197 225 228 230 236 242 266 270 272 273 294 302 304 316 324 327 328 347 356 370 381 388 392 394 399 403 408 434 458 484 493 505 506 510 512 514 518 527 535 577 597 613 619 631 634 640 678 687 695 702 761 775 780 797 803 806 808 809 811 823 824 847 849 864 869 879 910 937 943 962 975 990 993 
93 4 5 28 30 39 46 90 93 117 119 123 128 134 137 151 162 171 183 188 200 211 213 215 227 230 233 245 251 255 262 280 289 297 310 314 320 321 326 327 331 359 362 365 378 382 394 413 431 446 448 450 483 499 506 517 522 528 529 534 537 557 567 570 589 591 593 652 661 685 692 704 743 754 756 757 772 775 776 783 784 787 806 839 858 884 886 894 900 901 911 950 959 988 
100 1 2 30 41 65 76 80 85 126 133 138 143 161 170 173 174 184 195 229 230 239 244 250 284 300 312 327 328 335 336 339 340 341 343 350 367 368 369 370 371 375 391 396 418 447 457 461 462 476 483 521 534 539 566 569 573 585 595 614 625 634 658 662 670 694 700 701 709 716 724 726 727 729 732 742 744 747 749 787 794 795 801 802 803 813 817 847 860 878 895 898 905 933 945 952 974 988 989 993 995 
91 12 30 32 38 60 63 65 68 93 139 147 148 157 171 186 201 212 220 233 241 267 279 284 290 306 308 314 316 320 323 332 338 343 370 380 395 410 417 457 458 459 477 479 484 500 505 508 514 519 553 569 573 583 593 616 627 640 683 690 700 701 710 723 724 738 746 748 771 782 796 803 817 828 853 864 870 876 882 894 912 932 941 947 949 951 959 967 970 978 984 997 
108 18 30 31 36 41 44 54 82 85 97 118 125 132 156 171 179 180 181 184 189 198 211 217 222 226 231 232 251 261 265 297 304 314 323 334 346 354 364 380 392 396 401 421 423 435 442 464 473 482 490 500 507 511 513 527 529 533 534 551 563 569 584 598 605 607 608 609 635 651 654 659 663 694 710 717 753 754 761 767 802 812 814 816 822 823 825 847 851 859 861 865 871 877 879 880 903 908 911 915 925 934 937 944 952 959 968 970 983 
104 10 20 21 35 49 52 54 60 61 71 88 91 100 103 118 120 143 167 169 180 191 199 207 213 228 236 247 249 269 270 271 279 285 286 289 291 307 310 312 329 337 342 347 348 365 371 379 387 406 424 438 440 450 456 465 502 505 510 515 529 532 537 544 564 569 597 605 634 640 651 662 698 703 711 713 714 719 735 747 750 752 754 786 798 800 808 809 821 827 834 845 857 873 876 901 902 904 907 916 924 938 985 993 999 
84 3 11 13 29 41 55 66 76 110 122 137 150 153 182 183 190 195 196 210 228 238 248 250 251 268 289 319 320 324 328 333 348 349 351 363 368 372 396 399 413 446 464 465 466 470 479 495 542 546 553 566 570 572 573 578 586 588 590 607 633 647 666 676 696 700 736 765 770 791 827 839 846 852 860 861 867 880 889 893 902 928 932 978 980 
108 3 17 44 45 48 52 73 76 79 88 92 98 118 158 183 197 204 224 238 258 273 305 306 311 315 330 332 336 343 346 348 350 352 360 363 369 380 382 392 397 403 408 428 430 436 456 459 460 479 484 503 519 531 534 537 545 547 550 555 556 566 568 592 605 643 644 651 656 672 675 683 684 687 698 700 703 710 712 714 715 719 732 735 746 760 795 799 821 822 833 861 868 891 892 898 900 904 928 931 932 948 957 963 971 976 988 994 995 
109 7 11 21 30 37 45 46 53 59 64 69 82 92 95 100 118 126 144 147 173 185 232 260 277 280 282 290 293 302 307 322 326 364 365 367 375 390 392 409 417 421 443 450 465 466 483 487 494 506 511 513 514 538 549 568 576 583 595 605 607 619 621 635 642 648 656 663 666 671 674 685 688 692 697 699 702 705 714 732 736 744 765 770 771 777 782 837 844 869 879 883 884 891 896 902 904 939 940 946 948 960 967 972 976 979 983 987 993 995 
97 18 20 30 38 58 66 70 71 100 104 111 113 116 127 134 136 154 176 179 189 194 195 216 222 225 227 229 232 239 261 269 271 285 289 292 296 312 314 321 322 334 355 361 380 421 453 471 483 495 498 506 507 512 525 534 555 568 573 581 586 598 600 624 630 636 643 647 666 690 702 708 709 710 712 716 759 760 766 774 776 787 790 817 822 857 862 867 873 874 884 892 917 938 942 948 965 1000 
92 27 34 35 36 50 73 93 99 120 126 147 161 176 195 203 207 215 216 230 231 234 238 240 257 265 310 314 331 333 339 361 364 369 413 417 426 435 443 453 463 492 515 521 530 565 566 576 586 588 602 613 622 630 633 638 647 652 667 672 677 691 705 708 715 734 757 765 773 776 777 794 804 805 807 808 811 819 826 856 865 866 893 896 904 922 946 952 967 978 980 984 1000 
115 12 15 18 23 24 25 33 36 41 48 63 68 77 82 84 100 102 123 138 152 170 178 184 207 208 240 245 254 259 264 275 295 299 305 326 332 342 350 385 410 415 430 439 444 472 475 492 499 504 522 526 529 531 543 548 550 553 559 562 563 573 575 590 591 593 596 599 612 615 618 619 621 622 628 629 641 662 664 686 689 693 696 697 709 712 716 723 742 750 752 757 763 765 789 790 807 819 859 861 865 866 884 889 892 917 920 923 924 932 945 962 966 977 985 999 
102 1 6 8 14 34 47 51 53 61 68 69 78 80 90 101 109 129 132 136 138 143 203 204 205 217 223 240 294 301 302 349 358 360 362 366 372 375 381 385 386 389 391 408 412 430 448 453 464 479 482 487 488 489 490 531 539 550 560 581 585 589 605 615 632 658 659 680 684 686 695 697 712 713 724 729 735 740 756 767 784 785 787 792 799 805 814 828 832 837 843 859 884 887 902 910 939 951 953 961 965 985 995 
112 9 11 20 24 32 55 60 63 69 76 78 80 83 86 87 95 96 100 102 125 128 141 155 161 169 172 175 180 184 195 228 237 243 245 249 257 261 281 285 288 290 293 301 326 344 360 363 375 383 398 422 440 449 450 452 455 460 467 470 483 486 490 500 506 527 539 550 554 559 569 574 589 591 595 610 617 620 629 631 639 640 641 647 652 658 662 694 699 703 721 739 748 753 777 793 794 798 806 812 814 827 833 835 864 880 902 911 914 927 945 946 979 
103 3 9 18 23 28 42 46 49 61 62 78 95 106 107 109 115 128 130 131 173 185 195 196 221 247 254 256 265 266 284 287 315 342 347 360 368 372 376 385 389 412 418 428 430 438 448 453 454 457 458 462 474 495 504 509 510 511 529 531 532 535 546 551 561 579 582 587 591 595 601 612 619 631 644 646 656 664 669 702 712 720 732 750 771 780 812 817 820 828 852 854 857 872 887 900 917 935 942 953 958 976 987 1000 
101 25 37 45 66 68 114 131 140 142 145 147 151 161 167 175 183 186 208 216 230 237 242 243 244 247 250 266 272 279 284 288 313 322 341 344 350 353 361 375 380 419 442 444 446 456 462 509 512 514 528 532 539 558 562 597 600 601 615 621 629 632 640 688 699 710 728 729 730 742 745 747 751 768 769 779 806 827 832 833 855 857 858 862 888 903 905 914 923 930 948 953 957 958 961 965 967 983 985 988 990 999 
116 9 10 11 30 59 62 76 77 108 117 119 121 137 140 153 167 178 203 204 216 248 267 271 272 282 296 315 317 335 341 343 349 352 353 357 359 363 364 365 366 367 395 398 406 415 419 442 460 465 466 467 471 479 484 513 514 531 532 544 551 559 560 562 580 583 595 603 611 618 632 665 675 677 681 687 697 707 710 721 731 739 743 758 765 770 778 788 790 791 794 812 819 820 821 839 840 843 848 851 855 856 863 881 891 894 898 917 921 929 937 939 950 973 982 994 995 
111 6 10 15 16 36 58 64 69 70 76 93 99 111 116 123 124 175 179 184 195 197 219 232 241 256 270 276 281 289 299 323 341 343 350 353 371 380 382 386 397 420 425 430 440 446 455 456 462 483 485 486 501 506 520 529 541 548 551 567 578 582 583 585 592 600 620 621 623 627 660 675 682 691 692 750 755 758 760 765 770 773 774 777 799 806 810 811 814 832 834 837 838 872 882 885 889 898 899 904 914 918 923 924 951 954 958 960 972 976 996 1000 
106 6 7 16 24 25 27 40 46 60 66 74 77 90 94 97 99 101 118 120 122 123 125 143 145 147 152 163 166 199 201 211 217 224 229 232 234 236 287 288 295 304 312 320 354 356 360 365 372 399 403 405 408 412 426 454 457 466 468 475 487 491 527 534 564 584 596 610 614 616 625 637 650 659 679 680 688 695 702 707 710 732 746 768 773 787 796 807 827 834 839 850 863 865 872 875 881 887 922 927 938 951 959 966 978 988 991 
106 3 18 21 23 26 27 43 45 64 68 69 77 81 104 106 119 126 138 139 152 176 177 179 183 184 218 228 257 271 286 288 307 309 311 320 330 335 344 367 372 404 413 417 435 437 451 455 459 468 475 479 485 490 492 501 513 516 518 522 542 543 557 565 567 568 584 594 607 609 612 613 615 626 631 638 642 653 686 701 713 729 732 739 743 744 753 754 788 819 820 826 837 839 842 848 851 872 877 883 947 948 959 963 964 966 980 
94 1 7 21 22 29 31 34 38 39 78 88 101 109 125 134 137 138 152 172 181 188 228 229 230 237 253 263 281 284 302 334 337 352 353 362 365 369 386 391 436 450 458 489 504 530 537 541 543 545 550 567 573 577 582 584 599 605 617 641 647 663 670 679 693 714 727 731 740 755 756 769 777 781 785 786 805 808 820 829 830 837 838 841 854 863 867 878 881 882 897 923 967 975 976 
123 24 25 27 31 52 59 62 66 87 101 105 108 109 110 116 118 123 130 137 138 145 147 151 163 191 194 195 207 212 220 264 269 271 274 285 290 299 304 317 319 325 331 351 357 370 380 398 414 422 430 432 441 444 462 466 471 474 476 491 492 495 511 518 527 532 539 540 542 577 582 590 616 617 635 636 637 638 650 652 662 676 678 679 704 705 707 709 711 715 726 729 781 784 785 795 796 797 799 813 816 818 821 834 837 847 851 879 882 887 908 909 922 923 932 958 964 966 968 971 977 980 982 988 
100 1 10 13 33 55 60 67 102 118 127 128 137 148 150 162 167 168 181 190 206 209 212 214 236 245 283 290 292 298 303 313 327 328 330 339 357 365 368 372 383 390 410 418 419 421 462 466 471 480 487 490 492 503 550 561 568 588 623 657 667 671 682 696 711 728 737 762 787 788 796 804 813 817 823 838 850 852 855 858 860 868 869 871 882 883 886 889 901 907 909 921 923 928 930 931 933 975 980 986 988 
96 11 16 19 24 28 33 38 44 47 62 68 75 80 84 88 97 99 105 124 125 128 140 145 149 167 174 203 204 214 233 238 255 261 262 285 288 289 290 292 348 349 359 392 412 414 420 423 427 440 443 446 484 487 492 494 520 529 540 548 567 592 617 624 628 631 644 645 658 666 667 669 682 688 706 715 723 744 757 759 765 767 777 822 824 859 863 869 884 895 917 924 933 951 954 959 975 
89 2 4 10 30 38 45 61 94 98 115 145 155 186 191 208 209 216 231 234 239 246 248 272 298 302 312 317 327 334 394 410 411 434 449 472 483 487 492 501 509 517 524 540 544 556 573 580 586 589 591 599 600 605 634 639 644 649 708 710 713 724 730 748 749 750 796 799 800 806 813 860 863 864 870 877 888 892 895 920 923 924 926 962 977 981 986 987 997 999 
95 2 3 14 15 44 56 63 112 123 125 132 156 167 186 191 207 225 230 250 265 272 280 291 294 300 302 306 314 326 328 343 348 359 369 371 373 377 378 399 406 424 426 432 435 441 444 462 464 470 485 490 493 510 514 515 521 526 560 565 578 599 608 617 640 643 660 664 666 668 671 675 684 739 750 777 794 797 800 806 816 834 836 837 852 854 867 879 884 900 910 949 958 982 984 987 
104 4 12 15 19 56 57 63 74 84 118 186 200 202 215 221 226 242 251 260 268 283 284 288 292 304 305 308 330 338 350 351 353 355 359 367 378 381 407 416 419 445 451 461 470 475 501 505 516 519 530 538 565 576 578 605 606 609 611 617 619 621 631 659 662 666 670 673 677 699 716 728 729 735 745 748 758 772 804 806 810 814 819 820 837 842 845 862 864 865 868 882 883 886 890 905 929 937 951 964 981 982 988 994 996 
95 1 28 33 34 37 41 42 49 86 98 108 112 116 124 134 159 166 172 185 233 234 238 267 268 279 301 309 314 317 342 345 359 385 407 409 410 423 437 445 451 454 455 472 490 491 513 525 530 538 539 551 555 560 574 577 581 587 590 611 612 627 636 683 685 694 711 714 727 728 738 764 774 780 807 828 836 848 855 860 865 868 876 879 888 891 924 931 937 945 959 965 972 979 986 987 
107 19 30 39 44 61 72 87 100 111 120 126 134 155 156 161 168 196 199 213 223 242 265 267 277 284 294 299 300 304 309 311 312 314 315 316 319 324 341 352 386 391 403 411 417 424 425 437 439 442 445 448 458 470 473 474 476 487 493 525 533 541 547 553 556 563 578 603 606 609 611 617 621 622 632 643 647 661 664 674 681 708 741 748 753 772 777 788 806 816 819 825 854 865 870 877 886 906 933 939 947 957 967 970 979 984 993 999 
103 3 11 39 42 56 68 74 76 82 92 93 101 125 128 139 153 156 162 176 195 227 237 243 249 252 279 280 299 301 303 316 319 321 326 330 332 337 343 346 368 392 405 438 445 449 461 468 490 495 499 514 521 525 532 542 562 569 571 574 613 617 631 633 645 648 650 652 673 676 677 686 692 693 712 727 730 746 747 760 773 786 787 798 806 812 821 825 855 862 869 870 874 891 892 917 919 924 951 956 960 979 985 993 
95 7 10 12 37 49 83 88 104 106 108 117 123 138 141 142 149 155 156 158 178 183 186 199 229 233 236 240 281 283 298 305 321 322 326 329 340 353 354 364 372 378 380 384 385 399 405 444 455 477 490 508 512 522 524 525 532 555 567 574 575 582 588 608 620 637 659 673 679 688 715 720 722 729 735 740 744 745 749 757 760 775 802 819 864 865 874 875 884 931 940 950 971 979 984 990 
110 3 12 14 18 27 34 38 57 61 72 98 110 140 152 153 160 177 193 205 208 217 223 224 229 251 256 280 297 298 317 323 324 333 336 346 358 359 367 371 375 377 385 395 396 409 416 433 443 450 459 463 476 512 526 527 531 533 537 541 545 571 621 629 630 648 653 659 671 679 691 692 727 741 749 755 763 776 781 782 787 790 795 817 818 821 822 836 842 858 869 870 878 889 890 891 901 909 913 924 926 929 932 943 947 965 987 988 994 995 998 
83 20 21 33 46 75 112 155 159 164 172 173 176 188 202 204 233 237 252 270 287 301 317 323 355 364 371 383 386 421 472 484 498 501 504 520 553 554 565 589 592 599 608 614 621 639 640 649 652 660 678 687 701 706 711 715 718 719 728 731 757 776 783 785 786 788 802 814 815 821 833 851 865 872 908 909 915 923 950 952 962 966 974 1000 
101 7 8 20 25 34 41 49 59 66 68 77 80 93 105 106 108 131 132 140 142 147 148 159 160 163 168 171 192 195 204 206 210 217 225 227 246 255 263 293 310 313 320 322 340 341 367 413 422 426 439 440 446 461 463 468 471 486 503 528 536 543 545 551 561 570 590 595 613 637 661 667 671 673 684 701 705 720 751 752 759 772 800 805 811 850 892 902 910 914 915 918 926 946 949 967 968 978 982 994 996 999 
79 8 24 27 37 41 46 62 79 97 121 123 142 166 176 185 212 224 235 270 287 309 315 318 332 352 389 403 436 438 460 471 472 479 509 510 532 571 580 588 590 597 607 608 637 643 651 653 659 661 677 686 688 715 746 755 797 813 814 820 828 848 850 851 875 878 881 885 889 931 942 949 970 973 975 977 979 980 985 991 
91 12 33 34 44 66 78 83 85 87 95 105 106 109 123 129 133 136 143 151 152 153 170 186 197 198 205 211 221 255 260 272 285 293 299 358 368 372 396 399 412 413 421 431 457 458 462 466 501 510 519 527 532 541 542 553 581 584 603 608 617 623 657 670 700 702 711 741 744 752 763 776 792 797 798 804 807 824 833 859 874 881 882 884 892 898 932 955 975 979 995 1000 
120 11 31 47 48 66 70 81 86 93 107 113 117 132 154 159 160 162 163 167 170 178 183 194 195 200 203 212 221 239 253 255 257 263 271 272 279 289 290 291 296 307 310 312 324 326 327 334 347 360 369 383 390 398 411 429 451 465 486 497 536 538 543 544 546 582 583 599 627 634 635 642 644 654 658 670 672 673 674 675 687 696 700 703 706 728 731 734 739 742 750 754 755 767 782 784 785 796 804 806 807 814 827 836 849 859 862 913 915 922 929 935 937 938 948 956 963 974 977 982 988 
79 32 46 68 79 92 94 97 138 159 171 180 216 218 231 247 253 268 271 291 294 305 323 324 332 340 348 376 439 446 449 451 461 484 485 494 495 527 539 540 547 549 554 560 601 607 651 654 660 683 690 691 694 710 711 724 740 765 790 797 798 810 820 832 834 837 857 858 876 883 899 910 920 937 952 967 972 977 983 999 
113 7 23 25 43 47 60 62 64 89 97 131 153 164 167 168 179 180 187 192 194 204 205 230 237 250 254 255 265 268 271 277 283 288 300 301 323 329 330 334 349 353 360 362 371 374 384 386 401 428 434 440 459 467 475 487 489 496 497 501 503 506 508 509 513 514 516 526 535 543 553 587 590 607 620 624 668 673 677 686 701 704 712 714 722 723 728 736 740 760 762 776 781 791 806 808 815 825 828 852 858 860 862 872 879 909 916 920 948 951 965 980 981 990 
107 11 14 31 36 39 49 54 72 83 84 95 113 127 129 141 168 187 201 209 219 224 226 235 242 251 264 273 287 288 293 306 329 331 343 345 347 353 370 380 382 389 393 401 415 431 432 440 444 453 480 490 495 511 517 525 533 534 545 548 563 577 585 587 591 607 617 619 634 649 657 660 670 677 679 680 681 684 685 689 696 700 706 725 726 733 749 763 769 776 790 819 837 849 872 882 892 901 916 926 929 933 934 945 949 984 990 994 
92 1 35 46 55 79 80 109 110 121 125 132 134 154 159 167 186 189 196 198 204 209 256 261 265 272 273 281 286 322 330 337 362 396 429 440 446 447 475 478 486 504 510 513 520 537 544 563 580 593 597 626 639 640 651 655 668 677 699 704 719 720 724 727 730 732 735 739 741 762 777 778 784 819 822 823 828 852 870 876 881 888 889 903 925 936 940 944 948 972 975 987 998 
99 6 8 24 36 39 44 51 79 82 92 98 99 117 127 130 139 152 168 174 180 182 188 192 203 210 211 245 249 251 261 291 309 310 311 360 369 370 371 420 422 427 443 447 451 460 468 474 478 479 483 514 525 534 557 563 568 573 581 586 601 619 623 638 639 644 646 648 658 691 695 725 729 739 743 745 748 753 756 768 774 792 794 795 818 837 845 852 871 887 899 900 911 922 924 935 943 975 978 984 
106 3 13 27 35 40 62 76 85 101 148 150 159 167 171 178 204 205 216 223 243 252 255 284 288 290 292 294 298 306 307 318 321 346 347 348 349 352 355 371 395 401 434 449 460 474 477 480 495 520 528 535 554 555 562 571 584 609 614 644 649 664 679 687 689 699 702 709 714 715 719 735 748 752 755 760 768 769 776 778 790 804 820 822 848 853 854 863 867 893 899 901 906 909 917 920 921 931 932 942 949 961 969 971 984 985 996 
94 30 32 34 35 43 45 55 57 70 78 92 96 105 118 142 152 167 171 178 184 210 237 262 275 314 356 373 380 399 416 423 428 450 456 470 474 478 480 481 488 499 503 507 508 511 527 548 550 556 563 570 583 584 594 603 616 623 649 652 675 688 705 721 722 740 744 757 759 781 791 793 798 799 803 804 817 818 827 830 841 851 862 880 888 900 902 920 926 948 957 968 986 995 1000 
111 2 12 14 16 35 48 77 82 83 85 92 97 106 113 116 122 124 161 165 172 190 195 208 212 217 219 260 269 274 275 278 282 302 307 316 325 326 350 362 378 380 390 393 396 412 415 426 428 432 438 439 449 465 505 518 529 541 544 557 573 581 585 587 589 594 603 615 635 637 653 662 663 666 669 677 690 691 693 694 695 715 740 747 759 774 779 788 792 800 803 807 811 821 846 851 865 872 873 890 908 911 915 916 923 925 927 934 943 946 950 991 
101 2 24 27 32 56 61 69 71 72 81 86 101 107 122 127 137 170 171 172 175 182 192 199 205 210 213 217 237 253 255 266 271 281 287 289 307 311 313 341 344 355 358 365 373 376 387 391 397 422 428 432 433 434 437 447 453 456 459 463 472 486 506 507 512 529 540 548 557 572 593 599 650 654 669 675 689 705 710 712 722 742 745 778 784 785 795 809 847 864 871 885 899 925 932 936 937 947 952 969 970 999 
100 3 25 26 35 37 41 47 53 69 83 85 89 141 148 156 193 198 225 233 235 251 264 265 272 280 320 331 339 353 360 361 365 375 379 382 393 401 402 415 429 431 432 435 445 452 454 468 470 475 479 511 530 559 565 567 572 581 586 591 603 610 628 631 633 634 651 705 709 710 721 736 742 758 760 762 765 770 827 828 853 869 878 879 881 891 896 898 900 914 916 917 925 937 950 951 952 960 961 973 998 
111 2 3 15 21 29 37 49 72 80 92 96 110 114 115 147 149 164 175 192 195 205 214 220 225 233 236 238 250 251 277 288 317 327 328 339 349 359 367 370 381 388 400 405 414 418 432 457 469 472 474 499 503 514 525 536 541 545 549 553 557 559 562 565 579 595 600 615 621 629 649 652 671 676 677 690 695 704 707 720 733 746 747 750 755 774 777 779 788 790 791 801 807 810 813 826 840 862 877 882 883 900 903 905 913 926 927 961 976 979 986 998 
96 13 38 54 55 89 94 95 104 116 128 134 142 145 149 164 167 169 208 213 227 241 242 243 244 248 254 263 268 271 275 279 280 284 295 297 313 341 344 359 369 372 378 382 383 407 420 429 437 444 449 453 457 460 462 466 476 479 521 544 546 553 569 581 584 591 601 610 638 640 642 649 697 727 729 742 762 766 781 782 787 791 792 823 824 839 841 863 892 896 904 908 937 945 969 981 997 
93 9 12 54 64 74 79 83 87 96 97 100 106 112 116 120 122 157 161 181 200 228 235 240 273 283 293 322 329 336 338 342 343 350 353 358 363 376 393 397 422 433 439 443 449 471 480 482 484 491 516 532 542 557 574 588 593 596 601 606 607 613 616 626 639 654 667 670 678 679 683 700 702 704 723 738 747 765 798 804 824 839 857 862 875 887 898 904 945 950 959 963 965 984 
104 29 37 43 58 78 79 104 124 127 137 142 144 145 146 152 203 216 220 234 236 244 247 251 255 266 275 281 286 287 295 310 314 319 329 330 332 336 364 367 386 391 393 397 407 414 424 429 442 446 451 461 463 467 487 502 517 527 539 540 551 561 565 580 600 606 614 619 633 641 646 654 655 661 664 706 712 732 733 734 737 754 760 763 767 787 795 824 825 831 850 864 874 882 884 897 926 953 957 967 972 974 983 990 997 
94 1 8 9 60 66 69 70 84 107 140 145 149 153 169 177 181 184 187 193 204 208 221 223 228 230 245 315 320 331 332 342 352 360 363 366 388 391 401 415 420 421 435 458 463 466 472 490 515 517 541 559 582 584 588 599 620 635 639 700 724 726 734 735 743 750 753 761 769 770 771 774 791 798 812 813 842 845 856 860 863 870 873 875 876 879 886 897 907 908 910 916 945 969 987 
108 13 28 29 35 43 62 68 77 92 96 99 104 117 129 136 146 153 154 158 163 182 190 198 209 216 246 255 256 260 293 310 313 340 347 351 352 359 371 374 380 383 385 397 406 407 415 419 420 427 442 459 465 466 472 475 485 491 518 528 529 530 533 542 547 551 575 578 580 584 597 599 604 612 623 637 641 653 659 663 670 688 723 740 750 758 760 796 825 830 837 841 845 851 866 867 881 906 921 923 933 941 943 946 948 953 991 997 999 
93 8 12 29 40 43 59 61 73 83 106 115 121 125 126 138 142 144 153 168 169 170 173 177 193 202 207 215 216 234 261 263 300 320 326 328 332 373 381 394 399 403 404 414 420 422 423 425 442 449 467 468 469 471 475 478 484 493 499 502 542 546 558 559 562 579 589 626 633 639 645 688 709 710 727 792 812 828 833 845 854 860 873 876 894 901 910 914 925 940 952 979 980 995 
96 12 16 22 37 38 39 40 80 85 94 98 111 112 135 147 157 161 166 171 187 196 201 216 228 231 232 253 259 272 307 322 333 336 355 356 369 382 395 437 441 461 467 487 488 512 520 524 530 536 543 555 561 567 589 591 595 597 598 614 622 639 646 647 655 663 666 672 690 713 721 727 728 745 746 749 752 777 780 784 792 793 829 836 838 843 845 864 867 873 896 921 922 959 970 972 988 
109 26 38 43 54 57 68 69 72 87 91 105 110 117 120 137 142 146 150 168 178 181 186 197 208 214 223 229 235 243 249 266 273 275 284 290 291 294 298 302 309 337 340 377 382 389 391 399 406 408 412 416 418 428 452 470 473 481 486 492 507 509 512 517 530 534 541 547 560 565 580 609 614 615 626 642 644 645 662 674 694 695 714 758 762 768 770 772 778 780 802 806 809 814 816 818 843 873 897 903 916 918 929 933 937 939 941 962 986 992 
94 7 21 49 52 54 63 64 65 70 83 96 101 116 133 142 143 218 220 225 259 261 281 297 337 347 350 358 363 369 374 396 399 415 417 420 434 437 438 445 448 459 478 483 484 510 517 521 523 528 532 587 588 591 596 608 612 614 636 639 641 661 666 689 705 729 730 739 743 744 775 785 789 798 805 826 832 856 863 864 874 888 938 942 949 956 961 972 977 978 979 986 992 994 999 
120 2 4 15 39 42 49 50 51 61 76 87 96 104 113 114 120 132 146 150 161 173 180 181 193 195 200 228 246 247 282 283 291 298 305 312 322 346 355 357 359 365 372 378 382 408 428 437 452 463 467 479 481 495 508 513 515 523 526 528 541 544 546 550 553 569 570 572 590 592 613 614 628 633 641 642 644 656 657 658 666 672 673 677 679 707 710 730 733 734 745 752 762 763 765 768 777 793 803 819 825 827 832 838 850 860 863 865 869 882 896 904 906 920 932 934 937 942 961 983 985 
118 5 6 10 21 23 27 28 35 40 42 49 51 54 64 87 93 97 101 106 143 148 157 158 163 169 180 184 190 207 208 212 215 216 218 221 222 245 247 251 256 258 286 292 311 319 321 334 336 338 339 342 352 361 372 403 426 452 460 470 473 475 476 486 496 508 512 516 520 527 528 532 533 536 539 544 556 559 572 600 618 620 627 640 645 648 651 656 658 663 677 678 701 723 730 744 755 770 781 785 789 798 807 819 833 840 848 853 860 865 886 895 899 912 918 930 965 985 993 
94 13 16 22 47 52 54 64 66 70 104 107 124 129 139 147 183 195 219 221 225 226 231 267 273 287 311 320 325 329 352 353 359 360 380 402 407 421 469 478 493 510 516 520 530 543 555 563 569 588 589 595 600 606 607 612 618 634 637 656 657 681 690 722 736 744 745 756 768 769 779 784 787 794 797 814 825 837 855 856 857 867 870 875 894 908 917 919 928 962 971 979 981 988 997 
90 2 17 22 27 30 33 65 94 107 108 112 125 132 147 154 182 186 188 202 209 210 214 217 222 228 231 243 274 280 285 294 303 312 318 321 323 351 354 364 367 388 401 404 410 439 440 454 456 458 461 465 478 482 486 520 526 527 533 608 629 657 660 672 678 684 743 746 754 776 794 801 812 817 819 826 839 861 867 868 881 891 904 910 916 962 966 972 987 991 999 
103 4 9 26 43 44 45 53 55 69 79 80 92 109 114 120 123 132 138 161 177 178 184 194 195 199 204 211 217 231 232 235 238 240 261 265 270 294 296 300 335 369 371 393 405 406 412 414 419 427 448 466 501 504 508 525 529 530 557 560 571 589 613 640 651 656 658 661 663 685 688 690 711 715 729 744 767 772 776 778 782 810 813 814 816 830 835 844 847 851 867 868 889 897 908 927 928 932 943 944 961 965 972 977 
99 34 47 63 71 83 115 120 122 126 130 150 152 161 167 168 177 191 205 206 208 213 231 233 267 274 281 302 304 305 307 314 325 330 333 342 345 346 348 356 359 367 375 377 378 385 393 416 438 442 454 456 464 465 472 482 483 485 501 510 513 519 524 528 548 577 594 607 611 613 615 617 632 645 648 650 669 702 703 716 736 739 743 763 766 770 808 813 820 847 851 868 875 878 880 896 897 924 937 971 
103 6 8 18 33 38 46 49 51 58 59 63 64 75 85 96 99 115 117 139 141 142 162 166 170 173 204 213 214 220 224 228 236 280 298 311 318 341 356 359 365 368 373 374 384 391 392 402 405 414 423 434 450 519 541 543 561 564 568 590 599 600 601 607 620 654 660 669 670 673 677 706 725 729 734 741 746 753 756 766 785 807 816 822 833 835 849 860 864 871 885 888 891 903 907 909 918 954 958 968 977 987 990 997 
109 6 19 27 48 62 90 93 98 113 114 115 134 136 151 190 194 200 207 209 211 229 237 240 244 257 265 268 271 275 308 311 317 320 327 335 350 354 355 356 358 367 380 382 385 397 417 434 444 464 466 477 496 500 535 541 549 576 588 626 633 637 642 644 650 659 670 673 677 686 720 726 734 752 763 767 771 779 795 798 817 823 826 834 836 848 849 850 856 860 862 871 877 890 902 910 911 912 916 928 934 936 939 949 966 968 969 972 979 985 
89 2 18 27 42 64 93 94 120 121 127 132 144 150 152 164 166 168 193 200 238 251 262 277 282 306 313 320 323 328 329 350 358 384 398 400 427 441 446 459 466 480 490 494 506 524 528 529 541 552 574 584 599 626 631 637 638 639 646 653 657 694 709 726 736 744 745 748 752 774 777 782 784 786 788 809 823 832 846 852 869 895 909 913 915 918 928 934 945 982 
101 5 24 32 44 48 49 55 66 70 88 109 115 120 122 128 131 148 154 156 166 181 192 203 218 237 247 289 290 292 299 326 371 393 411 427 431 432 442 443 451 459 474 478 489 492 513 515 524 553 557 566 573 579 584 595 600 602 608 616 619 632 636 638 639 643 659 660 663 668 678 679 721 723 737 738 742 747 756 764 769 786 836 843 861 888 893 906 909 914 917 931 932 935 939 946 947 968 969 973 984 1000 
84 11 18 54 55 57 64 66 73 77 78 85 88 104 114 123 127 148 161 170 184 188 194 204 205 242 243 250 260 264 283 288 308 325 336 341 353 376 377 383 389 449 458 468 485 496 516 542 568 602 603 607 613 623 635 638 656 673 686 705 710 713 746 754 764 774 778 800 804 805 822 873 876 880 908 934 945 954 958 960 967 980 988 991 993 
92 7 16 17 18 19 40 42 47 52 58 67 76 88 96 111 118 138 156 197 207 214 232 258 264 300 306 311 316 327 330 350 358 360 384 397 398 409 415 426 430 444 460 465 495 502 523 529 531 545 553 565 582 589 597 601 610 612 613 614 632 647 648 652 683 688 742 756 757 763 767 771 781 790 810 811 832 834 845 873 884 908 914 916 925 927 930 935 941 968 988 994 995 
111 6 13 17 20 25 27 41 44 55 58 63 90 114 127 137 141 151 163 164 170 172 180 204 206 214 223 228 233 244 254 256 260 261 264 273 279 282 285 296 297 311 314 329 336 337 352 360 376 389 398 419 424 447 450 463 464 470 474 475 507 531 548 554 557 575 584 586 592 606 608 613 621 630 637 651 660 671 682 686 702 737 741 747 750 757 758 773 779 780 789 798 815 830 840 841 849 858 879 880 881 883 891 902 903 908 935 948 953 967 977 988 
102 12 25 29 39 44 51 65 67 70 78 87 94 95 98 120 121 132 146 148 151 171 189 193 197 209 211 216 225 231 286 309 311 343 344 365 367 379 383 403 409 411 422 428 446 471 530 536 541 551 556 568 571 572 580 586 588 613 625 639 647 652 658 659 661 666 675 677 695 702 703 723 726 744 751 754 757 767 769 777 783 792 793 794 799 802 828 841 855 862 863 873 885 892 921 929 943 945 962 978 979 996 999 
94 5 27 30 37 54 67 94 99 124 146 154 157 182 183 191 201 215 219 222 231 237 261 279 291 306 308 319 331 360 368 370 371 379 381 396 397 437 452 462 499 505 531 536 544 553 557 561 564 567 568 573 587 589 592 595 611 628 630 637 641 649 652 653 659 678 688 705 706 719 725 731 740 756 772 786 793 795 801 810 819 825 826 830 835 841 846 890 892 916 919 926 927 931 940 
86 5 9 16 21 41 49 78 107 124 136 137 152 163 171 178 190 246 258 267 317 336 343 344 347 363 365 371 374 376 431 433 446 450 473 478 481 492 494 516 524 542 543 545 554 559 561 578 582 585 588 593 603 610 611 613 614 634 642 675 691 695 696 705 728 746 755 757 770 784 786 789 800 804 836 839 862 869 875 901 905 916 923 959 961 963 983 
116 5 9 26 41 43 45 59 61 93 98 108 112 121 123 130 138 140 148 157 159 167 185 188 189 193 199 210 230 234 252 262 265 270 287 304 319 337 338 353 360 367 385 395 406 424 429 445 452 468 475 488 492 498 502 504 510 512 516 545 548 557 559 570 573 574 575 576 584 592 596 613 632 636 637 678 680 690 692 694 705 712 715 749 755 756 770 785 792 795 814 817 843 856 862 865 867 871 874 881 891 902 905 909 911 912 918 925 932 959 976 980 986 987 990 991 1000 
96 5 10 16 41 45 49 51 68 95 116 118 128 133 134 135 143 144 147 170 172 175 176 194 206 207 217 219 228 231 251 260 275 279 298 324 325 326 329 333 346 353 356 358 374 377 390 406 417 418 421 426 432 456 468 476 485 502 512 521 523 529 535 553 555 593 619 659 662 663 675 692 699 712 748 757 764 771 799 802 814 819 820 822 827 830 833 845 887 889 899 943 947 956 966 985 987 
106 14 55 60 70 75 84 103 106 108 110 112 119 128 144 162 201 229 232 244 263 275 279 280 285 294 305 334 359 360 366 373 375 379 383 384 387 390 398 402 411 420 444 446 450 452 489 504 513 548 555 565 570 577 586 587 615 618 640 669 684 687 689 693 697 698 699 700 705 708 712 717 720 722 734 735 740 751 755 766 774 778 799 802 805 811 820 833 836 844 889 891 910 914 916 919 922 923 925 927 940 942 945 960 965 993 996 
101 4 15 28 44 48 53 74 79 80 86 98 108 111 130 131 134 141 179 202 206 207 216 223 231 270 276 292 298 300 301 310 314 337 338 370 371 375 396 431 437 447 457 458 465 468 480 487 514 526 528 544 546 574 597 605 616 619 644 654 659 673 682 698 711 717 718 719 739 741 742 743 747 756 782 791 793 801 814 820 840 844 846 862 865 867 887 891 914 915 916 932 934 942 944 952 970 980 983 986 991 998 
83 12 29 49 69 84 103 105 116 124 137 140 150 172 187 189 233 239 263 282 284 300 308 318 327 337 353 361 392 419 427 428 432 439 441 443 451 460 465 483 505 523 535 545 552 566 567 599 600 619 626 627 628 631 639 672 688 699 716 718 719 745 757 790 791 797 804 806 808 809 813 829 839 854 871 905 914 918 926 955 963 974 976 979 
79 13 14 83 92 93 94 96 102 116 134 135 144 159 163 200 201 204 213 217 239 245 248 255 257 287 296 302 314 325 345 346 358 363 380 384 420 444 448 463 490 495 496 500 517 541 551 564 566 568 573 577 594 606 628 651 655 692 696 698 705 748 749 755 764 767 778 787 832 854 861 876 887 891 909 942 957 962 964 974 
87 8 16 18 23 37 57 75 78 90 94 97 98 104 107 124 136 137 140 151 184 186 195 202 242 247 251 268 269 279 281 282 288 359 361 363 379 383 394 411 412 449 484 493 495 511 520 533 538 555 579 583 586 589 617 666 667 682 684 699 722 733 740 752 753 769 796 804 817 834 844 864 870 871 876 882 887 889 902 914 931 935 936 944 950 955 956 969 
81 5 8 29 44 49 57 60 83 98 111 159 163 168 175 216 221 227 236 238 246 317 318 321 331 356 363 367 403 404 408 414 420 423 449 453 480 481 484 491 504 508 516 517 540 550 586 588 605 618 622 623 638 644 658 661 671 678 685 721 745 767 780 810 827 861 869 870 884 898 903 910 913 914 923 925 936 938 948 972 991 1000 
116 1 20 22 33 37 40 61 64 68 71 88 113 118 154 160 171 175 193 195 201 212 216 218 223 225 226 254 255 263 271 272 279 282 285 286 296 319 330 332 335 347 350 351 355 365 371 375 384 398 401 403 418 436 440 450 452 457 492 494 501 505 511 523 575 583 585 598 613 616 620 652 678 684 686 688 689 699 711 712 715 720 729 733 757 762 774 776 792 797 802 804 807 823 830 846 848 851 854 857 873 887 898 921 930 931 934 949 969 977 978 979 986 987 989 992 999 
93 19 26 38 51 90 98 100 110 116 135 163 166 188 224 229 230 235 241 247 248 290 291 293 307 313 351 364 371 385 392 395 403 424 432 437 439 443 445 448 498 512 532 551 554 584 591 593 617 657 669 679 684 707 708 710 720 725 734 742 745 754 759 765 769 783 804 826 827 846 858 866 883 885 887 890 901 919 923 924 925 926 938 941 943 947 949 950 975 978 981 985 991 1000 
97 5 29 38 40 56 91 97 109 119 122 133 135 168 170 174 178 179 212 223 229 241 249 263 264 277 280 282 299 307 341 363 395 409 410 414 421 426 433 445 467 481 488 500 515 543 546 549 553 555 572 574 577 580 585 598 615 623 636 641 650 668 675 686 689 717 720 722 725 729 740 755 759 763 769 770 771 779 792 806 812 821 827 849 853 863 866 876 891 926 931 946 951 956 960 981 993 1000 
108 7 15 20 40 56 72 77 85 94 112 126 130 159 175 177 181 186 211 223 226 238 267 286 290 296 311 312 316 319 334 344 351 368 371 401 406 407 412 413 419 453 463 473 485 486 492 497 522 549 550 552 553 585 604 620 627 637 641 643 648 650 651 652 675 686 690 700 704 714 717 727 742 745 750 761 770 773 780 789 790 792 808 811 825 832 837 841 849 859 867 887 905 921 924 926 927 930 932 937 947 954 957 963 964 977 986 992 995 
119 1 2 7 16 17 19 41 46 57 59 66 89 95 100 101 106 108 133 138 146 147 149 153 157 173 174 177 180 181 184 201 219 225 231 277 284 301 306 313 338 339 351 352 355 365 384 391 393 402 405 420 426 427 429 431 435 437 446 454 455 456 461 464 465 467 468 483 484 504 510 511 514 552 556 561 569 571 579 581 587 594 599 650 657 672 674 680 707 727 731 750 751 759 762 766 772 790 793 799 801 807 816 820 831 841 845 851 856 869 872 874 876 879 882 887 922 928 948 964 
120 3 14 21 22 23 73 74 79 100 102 108 116 120 126 133 138 142 143 152 154 163 173 178 180 182 183 186 191 194 200 205 207 227 233 237 249 261 270 276 284 285 300 328 329 335 339 345 359 366 371 385 386 408 412 424 439 445 446 457 459 484 489 490 523 529 543 553 561 572 582 583 587 604 606 623 631 636 645 647 660 665 677 682 695 699 717 718 719 727 738 740 747 750 756 761 768 771 780 785 789 792 811 816 826 827 840 851 852 867 873 876 886 899 922 924 926 945 968 969 979 
94 12 15 52 64 69 72 80 82 83 92 99 118 126 127 130 134 140 145 168 171 175 177 211 212 233 234 237 275 278 284 301 314 316 322 336 344 356 381 412 426 430 449 462 485 505 512 522 523 538 540 548 549 558 564 568 570 575 589 591 596 599 628 632 637 649 685 694 699 700 701 709 711 721 744 745 746 765 791 795 798 840 859 869 874 886 894 896 910 917 921 923 938 946 992 
90 17 28 35 37 53 55 65 68 81 97 109 124 132 147 200 212 222 236 254 274 302 304 317 332 335 345 349 351 367 374 376 387 406 421 435 442 456 484 487 493 498 504 509 510 552 574 581 606 615 619 622 640 645 653 696 711 723 725 732 744 752 753 755 785 806 807 808 815 828 835 836 838 839 840 850 872 873 874 883 885 894 898 903 921 922 925 959 973 981 986 
