100 1000
86 4 46 53 70 72 88 92 96 138 144 157 159 168 173 178 187 190 223 257 268 278 296 299 302 308 309 313 334 337 340 348 366 377 378 398 410 427 438 439 441 444 445 464 466 469 476 494 499 508 510 517 544 546 584 604 607 636 648 653 656 666 683 692 702 723 745 767 777 784 837 853 870 872 898 901 908 917 928 940 960 961 977 990 994 995 996 
119 7 11 25 39 42 55 69 75 77 117 121 125 138 144 150 168 172 175 191 204 220 236 247 254 260 261 266 276 283 292 301 305 316 325 327 334 340 360 366 368 371 373 380 381 394 397 398 402 420 426 447 461 482 493 508 544 553 568 571 572 573 578 586 591 595 596 598 599 608 610 611 619 622 625 631 643 644 646 651 658 661 680 697 706 731 732 736 743 758 762 765 775 776 786 787 790 794 799 813 824 832 841 847 863 865 879 887 921 923 929 930 936 974 975 979 986 990 995 999 
107 15 16 20 27 31 32 33 36 74 77 107 118 122 125 134 140 143 152 164 166 172 174 176 183 199 201 202 205 207 227 230 233 240 243 252 255 265 278 286 294 303 304 308 315 320 324 326 330 331 334 348 351 372 377 386 394 395 401 419 428 439 446 455 463 465 469 504 518 530 531 539 541 545 551 554 578 583 614 622 649 662 695 696 701 723 780 808 815 821 825 833 855 877 885 890 905 918 919 924 935 943 947 957 977 978 986 1000 
96 11 25 38 49 53 56 68 70 81 85 90 96 108 113 114 118 127 141 144 167 173 200 208 220 224 227 247 253 258 260 271 277 281 291 300 309 310 328 329 331 335 337 340 342 350 351 374 384 388 407 409 415 416 419 428 441 466 491 545 556 557 582 584 596 599 609 624 626 634 655 659 664 674 682 691 692 722 727 746 770 783 815 822 824 844 862 863 872 878 896 900 903 918 926 932 989 
110 2 12 18 22 36 51 82 84 88 89 94 124 126 128 136 149 160 166 167 179 180 199 204 206 234 254 255 256 259 266 269 271 277 282 285 317 318 325 338 355 370 374 390 406 407 413 426 430 439 442 455 474 476 492 493 495 506 510 530 554 555 569 572 581 587 606 630 635 647 654 656 662 683 694 697 716 729 732 734 736 761 766 771 778 779 787 788 814 823 827 831 839 850 872 877 881 883 890 891 908 926 935 950 956 958 960 961 973 981 993 
112 11 16 18 19 20 22 53 75 78 81 84 116 120 128 137 143 144 147 161 171 174 176 186 190 193 194 199 202 205 234 300 306 328 342 364 366 370 385 407 412 418 420 422 429 435 439 441 454 464 481 488 501 504 515 525 530 536 538 546 547 559 584 612 615 623 628 632 642 678 680 683 687 689 698 707 724 725 733 744 753 756 767 774 783 808 813 820 833 835 840 845 850 858 865 868 874 886 896 899 906 911 921 922 925 930 939 940 942 964 975 984 996 
116 5 12 17 21 26 34 46 80 84 85 89 99 100 103 104 109 114 119 137 140 144 151 153 157 178 184 185 188 189 206 207 209 211 212 215 241 248 250 261 264 290 297 298 323 340 346 347 352 384 388 402 429 444 456 457 460 490 495 516 520 525 531 538 540 542 549 555 570 581 585 613 629 630 637 645 662 673 682 694 711 736 746 748 755 773 798 800 813 814 823 833 842 845 846 847 849 857 858 859 862 866 875 886 895 904 917 925 929 937 944 952 955 971 983 987 993 
102 4 24 39 41 53 58 70 74 75 76 91 92 100 128 131 140 150 151 153 154 177 183 200 201 205 214 215 230 241 260 262 270 275 280 310 315 316 361 367 368 374 395 397 403 410 421 430 458 461 475 483 491 499 529 532 553 554 555 580 594 598 603 606 620 628 652 664 665 670 677 678 684 689 693 696 706 719 725 737 743 746 752 761 764 785 788 800 832 874 885 887 907 912 921 929 945 946 951 980 981 988 1000 
113 2 20 53 57 59 75 93 100 118 120 123 130 143 147 155 164 174 181 185 190 192 194 195 196 203 215 217 224 227 231 232 236 250 267 279 283 288 294 304 327 329 330 331 340 345 353 362 379 392 405 411 424 432 437 452 455 460 466 478 512 515 525 527 541 552 561 568 582 595 601 606 617 624 650 654 659 662 671 677 683 698 705 708 713 737 755 768 773 781 783 785 786 794 802 820 832 833 834 841 843 876 897 912 916 942 965 970 973 975 982 985 986 987 
103 7 12 21 39 43 56 68 84 97 101 122 135 140 151 161 168 197 208 209 210 214 221 223 227 234 241 283 289 296 311 340 346 350 355 357 361 366 367 378 381 391 395 396 403 419 422 441 451 457 499 505 525 527 531 535 537 543 544 551 572 575 577 583 590 596 601 609 614 618 621 634 641 651 661 669 670 678 695 699 737 745 761 762 784 786 788 799 809 811 828 852 878 901 913 919 922 926 931 942 960 970 988 991 
83 12 27 29 55 56 65 83 101 112 119 127 134 137 144 154 237 240 252 257 276 307 317 320 333 336 358 359 368 369 377 396 399 410 447 460 475 478 480 486 491 510 526 537 538 541 554 565 568 579 595 613 624 625 630 636 645 648 666 675 686 712 722 760 765 767 775 813 814 840 853 864 867 872 875 882 893 919 932 940 953 975 994 996 
93 11 23 35 51 63 65 66 67 73 80 85 100 104 112 117 130 171 173 191 195 213 233 270 272 295 305 316 339 342 343 348 353 357 371 374 394 397 403 414 416 424 441 456 467 489 509 522 531 559 560 562 579 584 601 617 636 637 641 671 681 684 688 695 698 731 756 768 773 777 785 798 806 816 825 834 837 841 844 847 866 890 896 905 907 913 941 944 945 948 953 956 989 995 
103 16 33 109 124 134 158 160 167 190 197 204 210 220 224 226 230 238 241 252 276 282 284 288 300 319 321 333 337 339 345 349 352 357 375 399 400 401 429 432 441 462 469 476 481 483 484 488 501 507 531 537 556 572 586 591 601 610 618 625 634 638 641 657 670 679 683 702 709 726 730 734 735 757 770 783 789 800 801 813 815 834 863 891 892 896 903 908 917 924 926 927 929 935 942 943 954 961 979 981 985 989 990 992 
104 7 10 13 16 41 44 47 55 70 93 109 126 132 150 153 159 179 181 182 184 191 227 238 259 265 283 287 291 295 313 315 318 339 353 359 360 364 376 383 398 400 403 411 412 432 444 454 459 470 478 492 493 500 514 519 520 522 523 528 533 556 558 571 577 586 589 613 633 635 650 660 661 662 664 678 681 683 688 691 718 727 745 752 753 781 785 799 808 819 832 841 852 904 905 910 933 936 947 958 966 981 991 992 998 
94 6 13 15 18 25 51 73 89 93 94 98 107 121 124 125 187 214 225 229 233 252 263 271 277 278 279 287 289 301 312 323 325 335 351 353 354 356 359 370 397 399 408 417 423 425 427 428 430 432 437 455 458 461 478 500 510 517 519 528 534 562 564 566 617 627 632 644 648 665 667 684 686 695 709 722 737 740 754 758 766 777 813 814 852 873 893 905 907 946 960 969 972 987 992 
106 11 31 47 57 66 68 73 80 81 86 89 94 97 103 123 137 144 153 157 160 165 169 174 178 195 197 201 217 220 222 232 236 241 250 265 276 284 288 295 298 302 304 307 334 346 349 351 373 379 380 382 402 404 414 439 445 448 463 482 483 485 491 494 512 516 517 541 544 547 554 555 622 631 637 644 663 682 684 693 728 741 755 762 780 781 784 805 806 824 839 843 851 858 868 877 878 883 932 953 955 967 974 980 988 994 997 
83 9 33 61 64 96 114 129 135 142 145 146 152 156 165 197 215 221 233 240 245 255 261 288 294 307 309 312 318 320 338 371 376 385 386 396 398 413 420 425 432 436 443 471 474 482 485 511 525 527 531 541 582 594 599 619 633 687 694 697 705 718 736 742 756 768 783 809 817 820 844 861 879 885 908 912 925 926 937 939 952 980 983 991 
96 11 14 26 31 43 48 52 73 75 86 91 94 105 121 127 137 144 145 158 173 176 180 193 198 218 227 231 239 253 254 259 262 276 289 294 304 318 324 326 338 350 362 436 442 459 462 465 467 480 481 485 489 509 512 525 528 532 556 569 576 578 583 589 610 624 633 643 666 690 701 709 734 760 764 776 782 806 818 823 824 827 879 885 888 895 907 910 923 926 947 955 962 970 975 977 978 
93 22 42 62 63 83 84 90 141 152 167 186 194 204 209 214 218 229 263 269 273 275 310 313 323 355 365 381 391 403 433 450 452 455 456 462 488 497 501 502 510 515 517 542 549 552 553 556 559 579 592 616 629 635 636 646 658 659 668 671 678 682 696 706 712 721 745 746 758 763 766 771 780 801 808 811 824 865 885 886 900 905 927 939 954 955 958 962 976 980 993 994 995 997 
104 6 19 42 43 79 90 92 94 121 125 145 150 156 161 162 190 207 213 248 264 268 273 292 295 297 306 309 310 355 359 368 374 376 389 413 418 419 423 462 466 467 468 479 484 491 500 518 535 536 537 546 551 555 561 570 586 592 593 594 605 607 610 621 624 652 656 662 687 695 701 705 706 707 725 740 741 764 773 799 814 831 842 845 849 859 864 865 869 882 883 884 894 910 913 921 927 951 961 976 978 982 988 996 1000 
110 6 30 34 37 42 49 53 57 58 61 70 78 83 95 105 144 145 147 164 172 173 180 184 199 218 220 233 243 248 253 258 260 278 280 294 302 319 323 336 348 358 368 372 379 392 394 403 415 422 472 488 489 496 507 514 528 541 549 555 557 561 563 565 569 581 582 603 605 608 611 617 636 639 642 651 672 688 692 694 696 708 722 738 740 744 748 762 770 791 792 799 819 822 827 834 856 857 865 883 890 893 895 896 914 916 934 953 979 987 990 
94 11 23 29 31 50 51 54 71 74 76 83 87 97 117 129 164 165 175 220 222 225 242 255 285 287 300 307 351 373 382 414 422 425 432 439 444 448 452 460 492 496 512 513 514 521 527 528 541 544 550 574 580 590 598 602 625 649 651 661 685 687 691 717 731 733 750 756 792 794 802 838 844 848 853 857 863 864 883 885 888 898 908 912 920 922 924 947 957 962 969 983 989 995 996 
97 3 12 14 22 23 32 36 43 50 52 76 78 81 105 121 125 127 134 146 173 182 194 202 238 239 254 258 264 281 298 316 324 325 332 368 370 386 407 415 428 434 441 454 464 470 475 479 481 487 490 500 502 508 515 516 518 561 569 577 589 591 596 601 604 617 619 652 658 662 663 667 668 693 722 723 728 763 771 810 817 833 836 864 870 872 882 890 901 909 910 913 927 939 951 970 983 996 
91 23 25 33 37 52 59 73 76 80 87 88 107 120 129 133 165 171 191 214 241 299 308 312 318 343 347 357 358 373 391 393 419 422 423 425 429 434 439 451 454 458 464 473 480 497 500 516 521 522 524 531 543 560 579 583 604 642 649 653 660 681 684 685 696 697 702 718 723 739 751 754 794 799 808 814 819 821 859 860 869 876 880 887 896 903 905 922 928 935 969 975 
111 2 3 10 16 38 41 47 67 89 90 91 94 100 101 106 120 130 145 147 148 151 156 163 169 177 178 184 185 203 205 206 208 209 220 226 233 236 250 255 271 276 280 282 293 301 329 339 374 397 398 402 407 409 413 416 427 437 440 460 464 472 476 483 484 507 512 519 555 561 571 579 591 596 611 618 634 657 659 663 673 681 689 708 715 752 770 774 781 786 805 807 818 820 822 837 838 855 858 862 872 889 899 901 919 945 949 953 954 966 978 991 
89 1 2 3 15 24 36 73 74 80 82 117 123 131 151 161 162 166 192 209 238 245 258 270 277 293 304 318 332 340 361 362 378 399 415 446 453 463 483 489 503 512 524 527 539 551 555 558 564 565 571 585 592 611 633 663 665 675 678 717 721 725 753 754 759 762 779 794 806 816 865 868 877 886 891 910 913 915 929 931 932 940 960 963 968 971 975 976 977 989 
100 17 20 25 32 52 63 64 68 89 107 112 121 129 133 138 155 156 159 170 223 227 230 243 271 283 294 309 321 328 329 345 353 355 367 373 376 380 400 408 414 421 422 448 459 466 468 482 489 502 508 519 545 561 575 582 588 597 605 610 615 618 627 632 634 639 640 666 688 696 707 721 723 734 735 741 755 760 777 789 800 818 828 831 843 848 871 874 887 894 901 913 927 937 939 941 943 944 954 982 991 
98 10 13 14 19 51 69 77 81 84 106 134 137 152 162 164 181 182 194 199 208 220 230 235 242 243 256 287 290 305 312 315 326 335 340 343 345 380 410 411 457 476 494 498 505 506 515 516 523 526 529 532 540 554 557 570 611 640 655 660 664 693 706 717 726 736 737 750 766 769 770 771 795 805 815 820 826 842 849 866 871 883 890 907 909 913 919 929 930 932 936 948 951 970 974 984 986 994 996 
106 18 24 26 27 30 31 37 50 54 59 76 89 109 116 133 141 152 175 179 184 198 199 205 211 224 229 249 272 289 290 305 321 339 341 343 353 360 369 372 378 380 382 390 407 412 414 415 430 436 440 444 449 451 454 477 483 505 515 516 523 524 531 542 551 554 570 591 595 597 619 630 634 640 641 651 654 658 659 661 674 680 708 714 719 744 746 749 755 760 763 764 768 787 795 802 803 831 834 844 847 865 880 898 908 989 990 
100 12 24 30 41 47 86 93 94 100 101 106 111 123 134 136 142 156 157 178 188 195 198 203 207 223 235 238 243 252 257 270 307 310 327 335 338 355 361 377 378 387 394 395 396 404 415 421 445 456 472 483 490 511 512 520 538 554 558 560 565 581 584 603 611 615 619 628 644 647 676 680 689 693 701 725 729 731 732 733 734 747 757 760 767 787 794 804 813 824 836 846 857 880 911 925 935 947 955 990 991 
103 21 33 39 40 45 47 58 62 73 84 102 104 114 133 138 143 144 158 159 161 164 171 198 199 206 214 228 250 257 260 262 267 270 284 291 320 329 336 354 384 397 411 416 427 433 435 460 474 478 498 511 517 519 527 529 540 548 554 556 557 561 563 575 596 604 614 616 634 637 644 647 661 663 714 716 726 747 748 749 752 757 786 787 804 808 825 833 851 853 856 857 866 873 892 924 938 952 955 957 966 969 986 999 
96 3 4 8 11 14 17 32 35 58 65 67 78 79 93 96 116 118 136 151 152 184 197 198 229 249 272 280 302 320 321 347 367 378 399 421 429 443 450 487 488 490 503 554 555 567 592 604 606 611 624 629 645 656 661 665 667 669 671 679 682 688 695 698 709 722 724 725 730 739 744 761 771 773 796 806 807 812 818 819 830 831 836 839 863 868 883 892 893 908 913 919 925 931 939 985 993 
97 20 43 72 78 88 97 99 106 108 120 130 168 173 184 186 187 191 198 208 214 216 217 218 238 257 258 273 319 325 331 357 367 377 388 403 410 414 415 462 473 491 499 516 524 530 536 542 554 565 567 570 573 579 586 618 634 650 653 661 669 677 681 684 696 704 713 737 742 752 764 772 778 783 784 795 796 802 811 827 836 843 857 862 872 874 885 907 924 931 932 937 938 946 951 961 969 990 
119 7 15 22 64 72 76 81 83 91 104 106 113 118 121 130 146 149 150 152 165 168 172 174 199 217 258 271 278 293 322 329 337 345 380 382 406 419 420 433 448 451 470 476 498 500 502 505 506 528 534 537 539 544 560 564 565 581 588 590 593 594 596 600 611 620 621 624 627 640 653 656 660 673 675 677 685 697 698 699 703 706 707 725 728 733 739 745 764 768 769 783 791 816 818 826 834 835 852 853 861 864 871 881 885 887 889 907 909 912 927 937 939 948 954 960 988 991 995 999 
111 10 16 19 27 32 54 72 82 85 102 124 125 139 149 167 174 179 182 189 190 191 195 206 214 229 250 251 261 263 267 271 272 277 278 281 311 333 357 360 374 377 382 383 386 393 397 403 409 415 419 420 441 448 449 451 456 462 483 486 495 496 500 501 515 521 530 572 574 593 595 599 601 607 612 617 623 624 659 664 666 673 677 700 705 708 710 715 737 740 748 764 773 775 780 783 789 805 810 815 823 829 831 835 852 864 869 936 978 979 989 993 
109 6 9 13 24 35 43 46 78 87 122 132 138 147 149 154 165 169 191 196 203 213 218 225 231 232 239 257 280 286 287 295 308 324 334 335 353 362 363 365 366 374 416 422 443 456 470 480 485 491 512 519 522 524 537 552 553 554 555 565 567 568 580 585 587 606 607 614 628 629 630 637 639 642 646 678 684 688 700 706 717 744 749 762 775 777 778 790 793 797 836 837 856 871 875 881 885 892 905 925 927 928 934 940 962 966 972 986 996 1000 
104 3 9 25 32 43 59 67 72 80 81 82 83 88 89 102 115 119 131 137 142 173 182 187 198 201 202 203 204 209 215 230 241 245 259 273 283 288 297 298 315 320 329 331 341 350 357 360 371 391 403 414 418 424 440 449 453 454 458 460 473 476 481 482 484 485 489 491 493 508 535 553 567 568 579 594 613 636 637 651 663 665 668 681 688 707 771 803 810 812 837 849 851 852 884 890 898 929 933 939 959 970 980 984 988 
106 5 19 57 68 81 92 97 110 113 121 137 158 159 163 182 186 189 193 206 214 229 230 236 237 244 252 257 260 267 277 304 306 312 313 325 340 346 372 374 387 391 410 415 418 423 431 436 439 443 446 447 457 481 482 494 506 535 544 556 567 579 594 609 628 638 651 653 658 665 685 688 729 738 745 752 760 765 766 767 772 773 776 789 794 805 815 838 841 848 883 885 886 890 896 920 923 937 952 953 963 970 976 986 992 998 999 
102 1 21 40 55 77 88 94 95 104 123 126 162 168 186 188 196 199 206 208 215 248 252 260 266 274 278 285 289 322 324 334 338 364 368 374 388 426 429 431 438 458 459 486 488 489 503 504 513 518 527 535 548 577 579 592 594 599 622 632 634 642 646 650 653 655 660 663 664 680 689 690 693 696 697 716 744 746 748 751 758 770 773 785 789 795 799 841 847 908 914 916 925 932 944 946 947 957 958 972 975 976 997 
103 52 57 75 79 97 99 108 126 154 158 168 172 174 181 195 205 210 224 234 241 259 266 269 276 288 295 296 312 316 320 325 335 338 357 361 368 369 377 378 401 405 408 421 439 457 475 483 487 497 521 546 556 562 564 575 581 583 597 605 626 632 641 662 664 666 668 677 679 684 687 698 704 713 716 724 729 759 771 785 789 803 825 842 852 869 878 890 891 896 897 902 906 910 918 921 936 940 948 963 973 983 997 999 
93 7 20 30 36 45 70 74 81 82 87 108 110 118 120 129 132 153 158 165 170 180 203 217 244 249 261 269 276 285 291 295 301 308 328 331 340 343 349 387 401 403 409 415 418 430 435 442 449 450 457 476 482 513 514 522 523 525 527 561 567 584 593 595 598 604 609 612 615 640 643 646 678 704 713 728 744 747 754 769 775 776 778 817 839 841 864 874 879 931 938 951 987 1000 
91 32 42 54 59 60 63 66 68 82 85 86 119 139 157 158 172 191 193 231 243 247 260 271 272 273 274 288 290 291 296 312 326 332 334 339 346 351 353 355 359 360 372 394 395 461 469 487 489 496 506 512 526 528 542 547 551 584 585 586 598 602 606 637 645 681 683 694 750 759 770 776 782 789 813 825 834 846 847 850 852 857 873 881 902 914 920 928 935 942 952 997 
99 10 27 43 46 50 53 63 99 103 110 119 124 139 146 160 175 178 181 207 232 248 253 257 261 266 270 275 282 290 291 292 302 330 333 339 347 368 379 381 387 389 403 404 422 424 425 432 435 439 448 453 456 457 468 472 486 492 499 534 548 550 562 568 585 620 631 640 649 653 673 674 700 702 705 713 740 753 754 768 771 775 780 783 788 791 812 821 849 901 912 918 924 940 943 948 972 983 992 997 
92 4 19 37 41 57 67 68 87 91 118 124 134 150 160 184 185 202 215 226 232 235 244 251 262 263 265 277 288 294 304 318 331 360 370 396 405 416 418 430 434 438 440 451 453 463 478 497 509 523 548 560 561 582 586 589 592 617 620 624 625 638 651 660 672 680 681 694 708 715 747 760 765 781 783 798 801 810 811 814 826 849 858 876 898 899 913 930 931 937 951 984 986 
99 4 7 13 18 22 27 37 56 62 64 66 89 123 128 144 150 160 165 184 185 247 266 270 274 290 299 309 310 311 320 323 327 328 337 340 359 361 365 368 382 396 398 399 404 410 413 418 420 426 454 457 461 490 494 517 529 542 554 564 565 570 573 604 605 610 612 618 655 658 662 681 682 721 738 759 763 765 770 772 782 806 808 821 832 835 852 866 895 908 909 914 927 953 954 966 967 976 996 1000 
99 4 7 19 20 23 29 30 41 44 56 63 64 67 74 81 89 102 127 141 146 151 165 192 196 204 239 253 261 289 297 301 305 311 313 318 319 338 366 367 369 383 390 391 398 408 442 446 448 450 461 469 476 496 501 502 517 535 544 551 577 589 596 604 612 613 615 623 625 669 678 719 727 729 733 743 747 761 771 774 814 819 824 836 838 843 864 865 895 896 909 914 916 926 932 962 969 975 981 983 
97 1 15 23 30 38 57 65 80 87 95 96 106 108 111 156 166 172 173 175 190 196 213 220 241 256 267 283 310 312 316 353 361 369 379 399 401 406 435 455 471 510 511 532 540 545 548 549 560 563 564 565 568 569 589 596 599 607 618 623 633 640 646 649 673 678 686 691 694 698 750 757 764 765 769 774 786 789 794 801 808 818 836 839 847 852 863 895 896 914 920 924 946 968 976 977 981 996 
93 9 12 34 55 62 65 69 81 106 111 123 135 155 157 164 177 186 190 194 213 224 232 241 243 248 252 254 255 257 282 302 316 327 355 358 360 371 408 421 431 442 443 445 451 454 464 480 494 495 521 533 538 549 565 573 575 584 607 623 624 633 639 645 646 647 656 672 674 697 707 719 734 754 773 782 787 799 804 810 818 838 853 871 882 893 904 909 936 953 960 980 986 1000 
96 12 13 25 34 39 45 48 52 64 65 70 112 125 147 183 186 212 224 225 253 259 261 263 274 305 310 338 340 341 350 376 385 386 403 442 450 456 457 463 466 477 479 483 487 498 508 528 534 551 554 556 563 573 599 605 612 634 640 649 652 661 662 665 684 695 700 709 714 728 731 739 755 782 807 808 810 812 829 836 839 847 848 851 866 885 894 897 898 904 932 934 947 954 965 974 995 
116 8 9 22 29 41 48 49 54 66 82 85 86 87 96 111 142 154 162 164 166 172 181 187 193 200 203 209 212 213 220 225 270 275 286 294 306 307 321 336 357 359 394 399 416 444 458 462 476 492 498 522 531 536 542 544 547 563 572 579 583 595 605 606 615 616 617 623 624 632 634 637 644 650 651 654 659 663 667 673 677 692 703 706 711 715 725 730 732 736 764 765 767 772 799 804 806 824 826 828 836 873 879 906 912 933 935 939 944 946 961 964 976 984 988 991 998 
103 24 28 37 43 55 59 82 99 123 125 133 143 153 156 161 164 191 211 223 230 234 241 252 253 261 277 316 339 351 352 368 371 379 382 384 396 403 407 410 413 416 420 450 474 479 481 508 527 531 534 535 540 545 547 587 588 589 615 618 627 628 630 640 666 677 687 696 700 703 716 717 728 731 740 747 753 769 770 788 824 825 828 831 851 856 868 875 878 888 897 900 904 921 924 939 941 943 947 948 950 957 962 988 
100 1 6 15 21 25 43 45 46 53 56 67 87 88 121 125 131 140 155 167 175 180 187 204 219 236 238 243 244 245 252 263 278 310 311 312 316 317 326 364 377 391 411 413 420 458 464 473 478 494 499 501 502 504 507 539 545 556 566 570 580 581 586 587 593 599 603 627 630 640 648 652 660 668 671 672 678 695 708 727 728 736 742 747 757 771 796 809 825 828 832 844 861 873 897 901 904 925 928 986 998 
99 2 9 10 25 75 89 92 100 110 114 143 147 148 149 150 169 174 179 188 189 202 219 235 236 237 245 287 294 317 323 344 350 367 403 418 441 447 460 462 500 506 507 510 515 520 521 535 538 541 547 553 565 588 593 596 601 614 617 629 635 639 644 655 664 681 693 715 716 717 735 757 764 767 787 789 797 809 814 815 816 834 843 844 875 888 894 898 902 908 933 934 940 944 946 948 959 970 979 986 
104 6 17 20 27 36 38 55 74 85 122 154 155 161 173 174 191 202 205 209 220 231 271 281 292 343 350 362 366 379 383 401 404 406 411 414 418 434 436 449 450 460 464 472 475 483 485 497 499 521 524 530 541 554 556 568 584 586 587 602 605 606 613 642 653 657 659 665 667 672 682 690 692 707 713 718 719 721 724 727 733 748 752 757 765 791 793 796 817 827 841 860 864 875 880 881 893 894 914 930 936 940 952 958 986 
89 11 28 34 37 48 72 78 86 117 119 125 138 142 145 148 150 152 174 183 226 244 250 266 284 311 329 337 345 352 378 396 407 416 431 443 448 471 476 478 479 495 508 519 523 525 526 531 532 534 557 578 593 603 609 620 628 634 638 640 642 658 687 711 724 731 747 751 756 758 771 788 812 816 820 822 838 850 860 863 869 873 879 885 898 908 923 938 945 981 
104 4 14 21 27 32 35 58 65 94 120 137 140 146 159 160 170 173 180 192 203 206 213 216 224 230 248 249 264 270 296 298 310 326 333 335 340 350 356 358 371 401 406 450 451 456 461 464 469 479 482 487 489 536 540 590 592 612 615 625 629 631 636 637 640 660 664 667 671 675 689 696 697 699 702 728 735 753 755 759 761 763 766 785 806 807 819 820 839 845 852 877 878 879 903 905 915 923 930 936 937 947 956 972 996 
113 8 14 18 25 28 36 39 51 53 69 84 86 94 99 114 116 123 135 141 187 199 200 207 215 216 218 220 224 243 244 247 255 272 275 276 299 300 303 308 322 323 328 347 360 365 369 380 396 408 411 422 426 433 457 482 488 494 507 512 523 527 540 543 548 549 557 566 568 571 572 578 592 595 629 637 641 648 649 663 665 668 670 681 683 685 694 710 728 741 751 757 758 783 805 823 830 839 862 871 875 900 901 913 917 918 926 935 937 940 950 957 968 971 
102 15 23 26 38 41 49 66 69 72 88 94 97 99 101 105 117 123 141 144 164 191 225 230 245 255 287 298 321 331 349 352 382 383 384 418 432 446 449 454 456 457 458 474 475 477 495 511 517 519 521 540 545 546 548 554 573 576 579 594 595 609 619 624 630 634 658 666 678 693 752 767 775 779 782 787 795 798 799 807 810 827 833 835 838 852 861 874 891 893 899 904 905 909 910 931 953 957 967 971 984 985 988 
103 2 6 38 45 47 56 84 86 87 88 106 111 122 126 146 155 164 184 190 205 227 231 233 259 262 266 278 283 301 306 309 313 321 357 365 384 404 418 419 422 448 452 454 476 477 479 494 497 517 530 559 560 572 581 584 586 593 602 612 613 615 628 630 633 641 696 697 701 702 706 711 717 743 753 754 770 773 783 786 788 794 799 805 809 814 833 834 847 849 862 863 865 867 883 887 889 900 904 950 952 956 968 973 
94 1 9 17 18 21 31 43 44 65 71 74 85 103 123 128 141 153 157 161 180 190 203 213 215 217 238 245 248 249 258 259 270 282 296 304 319 323 334 372 378 397 414 419 420 433 444 452 453 473 480 488 491 523 532 537 546 553 603 614 623 625 656 659 677 688 689 699 705 716 719 731 743 747 757 779 781 790 829 844 862 863 867 872 875 882 883 906 910 913 926 953 974 983 994 
105 11 13 14 19 27 36 41 44 56 64 65 67 79 83 118 122 128 135 137 145 188 208 214 223 248 255 264 276 277 281 286 287 306 312 313 316 322 339 373 380 387 397 407 408 410 411 412 417 425 432 433 439 442 446 449 465 469 477 479 480 491 493 496 512 522 533 547 558 566 575 578 581 584 621 627 630 640 647 662 671 693 704 713 716 718 723 743 758 779 834 835 836 846 848 852 867 874 877 897 914 917 919 953 979 996 
113 2 4 8 9 13 19 45 55 66 68 70 103 111 115 119 128 129 135 139 142 143 151 165 180 182 193 194 196 198 207 210 213 233 250 251 254 266 277 279 290 316 319 327 331 345 364 372 389 397 413 445 450 456 460 465 468 470 474 505 509 512 517 537 541 549 556 558 560 569 570 572 590 593 611 620 626 633 638 645 653 689 693 702 713 719 723 732 746 752 780 782 786 798 805 821 829 873 882 895 906 912 913 916 917 935 951 966 976 981 986 988 993 995 
108 7 12 14 17 23 26 43 44 58 80 85 99 102 107 113 116 123 147 165 190 194 205 214 217 219 241 247 248 250 253 256 275 278 286 315 329 342 343 346 355 370 375 379 380 386 387 388 389 399 400 408 423 434 440 444 448 459 463 496 512 528 530 533 534 538 540 543 547 557 568 571 595 623 624 649 659 663 687 697 701 705 721 734 740 761 773 783 790 796 808 824 829 831 842 867 869 877 878 899 918 921 937 938 941 942 976 992 1000 
107 4 28 38 50 51 60 75 80 82 88 91 92 135 138 146 154 158 159 160 188 193 199 204 205 206 222 224 226 240 249 254 257 267 272 280 287 294 301 304 329 336 340 345 360 364 367 375 393 402 404 408 431 469 478 488 492 515 536 542 551 558 561 569 572 578 603 605 630 665 681 704 717 718 736 747 749 754 758 763 775 778 789 791 794 800 816 818 842 852 861 862 907 915 918 927 928 931 937 945 947 951 955 965 968 983 984 994 
110 6 13 16 18 22 35 54 56 63 67 73 77 84 87 116 119 129 144 151 158 174 183 193 194 195 225 234 235 263 267 270 287 300 306 310 327 329 332 335 343 345 347 370 390 395 433 435 442 453 457 514 527 530 543 558 561 562 566 568 570 577 587 595 596 601 606 609 619 621 637 638 640 658 663 669 675 679 687 690 694 697 700 705 706 727 738 748 749 754 758 765 773 777 810 812 833 835 847 858 868 875 892 898 900 902 912 918 921 965 992 
107 5 26 31 43 70 75 90 91 96 100 112 114 118 121 154 164 165 168 172 175 186 191 197 202 219 221 222 248 255 264 276 281 287 298 299 312 319 344 355 363 372 382 384 395 408 410 412 413 415 421 430 431 445 455 487 499 502 517 521 523 524 525 539 545 548 552 555 564 571 576 579 588 598 603 632 640 668 671 672 675 681 703 704 706 710 711 732 753 794 802 803 817 824 827 839 857 864 897 903 917 919 921 931 938 963 978 995 
97 1 23 26 38 40 45 46 54 62 99 101 103 105 120 137 150 162 169 179 188 191 202 207 210 237 242 248 253 271 297 314 321 332 343 344 368 382 386 405 406 430 431 449 450 456 474 476 511 516 529 531 533 544 547 551 557 565 574 584 595 599 622 633 638 644 677 679 701 703 713 720 762 763 775 805 811 819 837 855 856 858 871 875 884 887 895 898 902 912 915 920 935 958 960 965 982 998 
106 2 24 32 43 50 52 55 61 76 88 99 105 114 120 125 129 132 134 149 150 154 174 184 193 194 196 198 211 223 252 290 323 329 330 356 376 387 392 394 398 404 407 416 428 437 444 447 466 474 475 478 510 516 526 548 554 568 573 577 586 589 611 615 616 619 626 640 648 651 655 656 672 676 690 698 708 726 738 743 745 751 756 760 767 776 784 811 820 825 833 868 871 880 889 918 923 933 934 946 947 949 954 968 976 980 981 
96 3 17 23 24 25 28 51 65 72 89 97 102 117 120 121 125 127 128 129 188 204 209 214 222 227 228 238 244 249 272 285 286 305 314 317 320 322 341 373 378 386 408 418 425 429 431 437 444 452 459 460 462 464 479 484 485 487 490 496 497 505 528 539 565 579 583 621 636 641 642 644 650 663 665 677 715 729 743 749 753 755 763 769 779 822 833 841 848 855 882 895 896 897 916 950 958 
98 17 30 33 39 52 63 78 87 91 92 94 109 127 138 153 176 183 185 191 192 205 214 220 231 238 263 278 291 292 306 309 315 318 326 329 340 367 379 380 384 391 407 410 417 439 459 475 500 521 528 531 533 536 545 565 589 591 605 627 629 645 655 658 663 685 709 715 724 738 739 742 753 756 782 793 794 811 816 824 827 831 835 859 881 882 889 892 903 910 921 926 933 935 956 969 979 983 992 
97 2 20 22 23 34 43 44 48 58 73 74 82 86 94 106 154 156 158 171 172 191 195 199 202 204 217 245 252 265 274 310 324 358 365 371 389 390 394 413 418 428 444 462 464 473 492 495 534 535 542 544 560 580 585 592 594 610 617 632 637 651 679 682 684 697 701 727 737 749 751 757 785 788 789 799 800 801 803 806 826 844 852 868 882 894 901 911 913 925 929 930 939 941 944 947 948 993 
100 4 13 26 38 60 73 76 78 83 96 119 129 137 151 164 166 173 179 182 190 200 207 210 239 240 246 254 282 285 296 315 319 346 369 402 405 416 440 446 448 452 484 503 507 508 519 520 524 538 541 545 552 558 562 563 566 591 592 598 599 612 632 638 699 704 706 707 730 734 736 745 746 749 753 763 764 775 790 800 808 810 826 833 834 848 850 862 865 869 875 882 889 911 912 927 928 952 987 989 998 
95 4 6 8 22 37 39 46 51 60 65 71 75 90 108 136 139 140 156 169 198 218 226 229 231 240 258 259 280 286 288 298 304 309 316 337 338 340 350 351 356 372 374 383 388 391 405 422 430 437 445 457 476 494 503 509 516 543 547 551 573 594 609 615 625 645 654 655 665 673 675 676 680 681 688 689 697 704 707 746 757 782 784 793 808 852 866 884 889 911 918 919 931 945 952 985 
99 2 9 20 22 26 36 48 51 62 64 67 92 95 105 107 122 153 168 185 212 234 249 250 254 258 270 274 284 306 307 313 352 368 370 381 386 415 430 433 438 440 448 455 468 476 478 480 540 545 546 551 555 556 562 564 566 570 599 617 638 641 642 647 665 693 696 705 708 725 726 730 747 778 790 799 813 826 828 835 837 854 863 877 883 886 891 911 914 928 936 940 948 949 951 956 969 985 991 996 
96 7 11 30 42 56 62 84 92 96 98 114 125 130 145 154 174 175 186 189 192 193 202 205 217 221 224 231 236 237 247 248 261 264 267 306 323 331 332 338 357 360 363 364 368 373 418 435 440 447 465 469 470 491 506 511 532 537 541 571 598 599 607 615 622 634 640 649 676 691 705 714 716 728 734 735 736 751 755 758 778 790 792 802 806 844 855 861 868 869 905 913 918 948 955 963 964 
94 4 5 10 20 32 35 37 54 55 76 94 107 136 141 150 151 155 160 170 185 192 193 197 201 208 222 226 233 252 255 265 269 285 292 303 304 321 328 345 357 361 366 370 389 392 419 427 433 436 437 442 456 473 478 508 516 528 533 536 555 557 572 576 584 597 609 618 631 640 652 656 657 669 674 704 705 709 716 746 756 759 766 803 807 822 861 863 867 883 922 929 931 969 970 
104 5 8 11 25 27 29 30 49 66 70 80 92 129 135 153 182 201 205 218 225 228 234 246 250 256 259 289 294 309 317 336 350 357 364 365 367 382 387 400 417 420 443 463 477 484 486 492 493 518 519 530 533 547 550 555 566 585 590 598 605 613 616 617 625 638 643 652 668 669 670 677 681 685 686 695 699 709 712 716 720 733 761 764 781 789 798 799 800 807 837 839 848 858 871 873 884 891 892 930 956 977 992 995 1000 
89 6 8 9 54 59 60 70 82 88 91 112 120 131 136 140 141 164 167 178 206 208 221 223 231 244 246 288 297 307 319 325 328 329 354 371 377 406 432 439 451 455 457 469 473 479 500 507 521 525 528 529 531 551 553 555 570 571 587 605 612 621 646 652 654 666 702 723 742 746 752 758 769 774 791 807 809 847 863 871 877 924 931 934 952 967 974 982 994 1000 
94 7 23 32 44 45 55 61 79 89 90 92 99 111 123 155 164 177 185 230 233 237 241 250 260 269 272 292 297 300 302 307 316 318 367 372 375 385 386 402 408 425 438 457 465 474 479 489 498 514 533 546 559 569 603 605 610 611 626 627 637 639 642 647 653 696 735 746 757 762 765 784 790 793 796 802 810 815 825 826 830 833 840 842 847 886 888 917 943 946 950 963 969 971 994 
93 23 24 49 53 63 83 108 112 125 135 140 143 145 164 175 176 197 229 257 261 272 306 321 324 334 340 346 354 361 371 409 410 447 450 469 479 480 494 504 509 520 527 533 538 539 554 568 572 587 593 594 598 623 630 637 644 646 650 659 686 708 709 715 728 751 754 756 767 768 790 793 794 795 813 819 823 827 840 872 873 913 914 920 923 948 949 950 964 969 972 975 982 986 
97 3 24 33 37 39 52 53 56 58 80 81 90 105 107 111 112 153 173 195 199 202 215 223 224 234 243 246 257 270 272 279 289 315 321 326 338 341 384 390 394 396 428 433 435 442 448 455 460 475 487 497 505 526 532 541 561 570 576 581 585 600 612 621 623 660 674 684 691 703 710 723 734 743 752 759 762 773 781 788 798 799 806 814 826 829 835 863 912 926 930 944 947 977 985 992 996 1000 
82 27 61 70 72 81 95 126 135 137 143 178 187 189 200 202 212 229 262 280 284 286 296 301 323 340 360 370 383 384 385 396 448 453 481 484 490 491 495 509 512 514 515 545 546 558 569 578 579 608 616 617 618 629 636 656 660 677 683 689 715 754 755 789 798 806 834 837 840 842 857 859 889 891 897 907 935 938 951 952 958 995 997 
99 1 5 13 14 15 22 32 41 44 47 60 63 75 84 109 119 127 135 143 155 165 185 200 202 225 242 249 272 295 322 337 342 343 345 350 352 353 373 376 377 379 385 386 391 393 398 401 404 411 415 421 424 435 439 451 454 458 474 486 493 494 498 503 572 583 624 641 660 664 675 683 692 698 711 712 713 719 720 723 735 753 791 793 803 812 817 828 846 853 873 879 883 889 897 945 963 964 988 990 
114 1 3 25 35 58 63 66 87 109 121 126 130 144 145 149 160 168 178 189 194 196 213 216 217 220 221 233 237 241 245 248 255 271 279 287 296 297 302 311 312 341 342 349 353 372 378 380 384 385 389 393 398 407 418 457 464 473 485 487 488 491 517 525 529 538 543 552 557 558 564 567 569 583 594 597 600 617 618 629 633 643 659 661 664 667 682 687 690 696 698 702 712 716 725 745 755 758 770 780 798 800 806 808 854 866 882 904 917 924 926 938 950 952 996 
92 1 14 15 19 57 65 80 81 85 113 117 122 123 136 149 159 168 189 192 222 234 237 262 294 299 308 314 315 342 354 366 370 373 384 403 423 439 440 450 458 489 495 503 518 522 527 528 533 543 549 560 564 588 594 614 633 637 640 648 651 680 684 688 701 718 727 744 749 750 752 763 764 767 785 820 846 856 864 879 881 904 915 919 923 938 939 951 953 959 960 966 980 
105 23 30 42 47 55 78 82 116 120 124 130 133 138 143 151 191 198 204 206 216 221 258 260 288 301 307 318 324 325 330 345 361 372 388 397 405 407 438 439 443 451 464 472 477 481 494 499 511 514 520 526 528 539 548 551 564 580 587 612 613 614 617 640 655 670 672 674 676 680 692 714 731 732 742 745 754 770 773 778 814 821 828 829 834 840 876 881 886 887 902 903 909 913 927 937 938 940 944 945 953 970 981 984 989 996 
97 9 12 13 18 29 42 87 89 101 116 118 123 170 174 178 183 189 199 211 213 217 226 233 235 245 248 250 264 268 274 278 281 283 285 294 298 305 319 321 340 344 353 361 367 373 381 384 390 398 406 416 423 424 426 429 430 461 503 520 549 557 559 561 569 591 595 596 613 621 628 634 636 637 641 644 649 652 666 682 723 734 758 759 781 798 818 835 868 891 893 908 927 963 974 976 978 987 
98 2 12 42 43 69 79 98 100 107 116 126 130 139 148 158 159 165 169 178 182 189 195 214 217 221 222 237 241 242 264 268 276 312 324 341 349 351 382 396 403 407 418 426 427 433 442 461 463 472 474 486 492 524 546 553 560 597 603 608 626 629 631 638 647 653 671 674 675 678 690 704 714 715 720 733 737 739 756 760 785 819 822 827 829 832 841 861 876 879 895 896 903 912 923 935 959 977 984 
83 14 34 40 50 64 69 78 101 107 122 175 185 196 200 223 230 235 237 249 264 284 286 316 372 380 382 385 389 404 445 456 464 468 484 493 510 532 546 561 562 569 579 597 598 599 603 612 613 627 630 641 654 663 693 717 725 734 735 746 758 767 771 778 784 785 825 843 857 859 875 881 882 904 908 909 925 927 938 945 951 971 987 997 
100 7 35 65 77 92 97 109 111 116 117 118 119 125 138 139 143 144 159 195 196 201 225 235 240 242 252 259 266 293 315 323 338 362 410 413 415 421 422 445 447 454 490 505 516 523 531 548 559 560 562 564 568 572 582 600 608 614 619 621 661 672 673 678 686 691 738 740 741 763 774 778 786 794 807 808 819 822 829 831 845 859 861 862 865 888 908 914 923 930 934 936 937 938 939 947 976 981 986 989 992 
99 14 16 32 67 70 84 94 97 102 106 114 127 147 172 177 189 195 196 206 260 283 289 302 310 315 322 337 367 368 377 380 381 404 406 418 428 442 448 455 456 459 474 478 508 509 510 528 536 541 557 566 569 582 591 597 600 620 639 650 657 658 667 669 670 684 686 702 706 713 725 745 748 754 766 777 785 792 798 806 811 842 845 854 864 880 882 889 907 922 931 936 938 947 959 968 986 996 998 999 
112 8 14 17 45 48 74 89 90 94 107 119 137 149 156 163 164 176 184 189 197 204 207 210 215 231 232 235 239 248 251 252 268 271 275 276 284 290 303 314 338 342 345 347 350 354 360 365 370 383 401 409 427 433 438 440 443 465 468 471 474 485 500 502 503 513 516 557 565 569 574 576 593 596 612 617 628 666 685 690 691 717 720 729 741 767 768 776 786 796 799 833 842 843 855 866 880 881 887 890 892 895 900 901 906 924 942 950 954 960 972 991 992 
102 5 11 15 43 48 60 69 75 85 89 93 103 122 127 131 134 141 161 174 179 198 200 205 222 225 248 252 255 277 278 285 292 299 333 341 346 348 352 357 365 383 384 391 393 396 398 400 411 414 416 430 447 454 455 459 477 485 498 504 537 544 547 569 577 581 593 603 614 647 652 653 663 679 688 722 723 732 733 745 749 790 797 813 825 839 840 862 873 885 906 913 919 923 927 932 933 952 969 971 973 980 987 
88 4 11 32 35 36 39 42 61 99 113 115 119 125 143 151 157 158 166 180 212 216 227 241 245 261 262 266 298 303 307 312 326 335 347 350 377 392 393 398 425 455 496 511 512 533 537 543 563 581 637 661 663 685 697 699 704 706 707 723 756 761 766 784 787 789 817 820 834 849 850 852 858 866 881 887 894 926 930 932 937 951 967 969 976 983 984 987 990 
112 10 11 14 19 25 30 39 42 48 50 64 71 107 112 132 150 168 174 202 206 211 235 239 257 269 279 305 311 327 335 350 351 354 360 362 394 398 404 413 414 415 419 423 430 438 439 473 480 491 492 498 506 522 533 544 546 552 557 559 560 585 595 598 603 619 659 666 683 701 707 715 719 727 729 741 743 751 756 763 781 788 790 792 794 817 818 824 831 837 842 865 868 879 883 888 892 894 903 904 909 921 936 955 956 959 965 983 986 993 996 998 999 
110 9 15 21 24 29 33 35 39 49 52 65 75 78 98 100 122 130 133 138 142 166 169 184 190 200 201 209 215 255 270 282 295 297 318 322 324 325 328 330 342 355 367 371 374 381 389 396 412 428 446 458 480 484 486 489 498 505 509 520 533 536 548 571 575 590 604 605 611 613 620 629 630 635 637 644 655 660 663 666 673 698 709 710 713 723 739 746 758 774 777 779 784 788 790 797 798 800 811 854 856 863 868 870 874 898 906 915 920 925 977 
106 12 25 34 54 69 76 118 137 141 143 156 157 170 183 207 209 216 227 238 262 267 271 273 278 284 294 298 313 315 335 341 344 354 359 361 363 366 367 377 400 404 429 446 449 477 478 499 501 516 532 541 545 570 588 590 599 608 613 618 645 661 667 670 678 702 712 726 731 732 765 775 779 784 789 798 799 804 812 815 817 819 820 825 839 851 852 854 883 884 886 888 899 902 908 911 914 917 928 956 969 984 987 988 997 998 1000 
90 25 28 43 48 53 60 65 87 88 100 124 139 144 159 169 183 197 204 208 221 245 249 252 259 285 296 318 320 337 354 362 367 405 425 426 430 431 435 443 459 462 471 474 475 486 511 512 519 521 533 539 542 553 557 558 572 577 585 587 588 625 635 640 649 650 652 654 675 705 713 760 780 799 805 817 833 836 877 882 883 896 898 901 902 949 953 968 972 983 999 
101 42 46 51 53 57 68 70 75 86 100 108 122 131 135 141 142 147 149 152 164 203 205 234 238 239 244 271 278 279 295 302 316 318 320 325 329 341 343 345 352 359 377 414 415 426 442 443 446 485 487 498 522 524 536 537 544 557 561 569 570 586 596 630 651 656 663 674 678 679 682 687 690 708 723 742 751 754 772 778 784 801 805 819 820 824 829 832 840 844 849 880 886 894 905 908 911 912 929 962 981 993 
106 20 22 37 38 50 55 65 68 94 103 116 120 128 137 138 139 143 151 158 172 176 179 185 190 194 195 196 204 206 245 255 263 271 272 291 294 308 319 342 343 345 349 359 361 379 389 392 396 412 428 433 443 449 455 456 459 461 464 494 508 514 523 531 533 547 567 571 580 585 589 601 602 603 608 609 611 613 656 671 685 687 697 702 708 714 720 725 744 748 751 758 760 779 787 798 860 875 891 910 934 939 943 947 979 980 987 
