100 1000
97 16 35 36 55 67 75 94 103 113 115 126 131 134 158 163 164 168 170 172 266 274 275 293 303 319 320 338 341 343 357 360 364 377 383 384 411 451 462 471 472 487 500 503 513 523 526 528 531 532 534 545 546 547 554 557 584 597 602 641 646 653 666 681 684 703 710 711 713 733 741 747 762 785 800 805 809 835 847 848 861 873 877 895 900 909 912 925 930 937 940 943 945 947 951 969 988 1000 
101 6 8 16 20 33 36 37 39 44 48 52 53 57 78 92 106 108 121 133 140 161 165 183 186 187 188 192 205 210 216 225 230 235 245 254 277 279 291 302 306 307 317 322 326 329 354 363 375 387 396 397 430 442 444 459 464 465 477 483 501 523 526 531 536 558 575 587 601 621 627 661 674 682 695 701 702 712 714 723 726 753 766 768 769 774 811 824 831 840 848 851 864 875 887 904 914 948 963 964 991 994 
68 1 4 9 17 29 37 40 41 78 110 114 126 135 165 192 211 215 227 232 233 244 260 285 294 335 339 409 428 441 442 460 469 472 479 499 508 521 558 560 562 579 588 599 617 633 641 687 697 707 713 715 718 729 739 753 757 762 774 781 784 789 844 863 881 885 901 906 970 
101 5 6 16 17 31 44 54 57 65 77 87 92 107 109 155 160 162 194 196 208 251 255 267 279 289 297 301 339 358 363 375 399 407 409 415 423 433 439 444 450 460 461 464 476 483 484 489 492 512 514 515 516 525 529 533 535 541 544 547 549 586 588 590 592 598 604 626 636 638 652 655 662 666 669 672 676 677 685 708 712 725 744 760 768 773 779 810 814 832 835 854 860 870 890 894 899 911 954 957 986 995 
94 5 30 35 50 52 68 100 101 126 129 132 145 177 231 233 236 239 248 268 272 273 284 295 302 306 345 359 365 372 393 397 399 404 406 415 422 431 432 435 436 450 455 459 462 475 478 500 501 514 515 525 526 537 552 560 565 568 569 570 580 595 618 624 632 636 638 692 704 717 721 753 754 767 782 785 795 798 829 830 862 866 868 869 879 909 929 934 938 947 948 949 961 983 993 
89 10 11 20 25 42 56 63 83 85 102 118 123 128 137 141 150 192 197 207 223 233 258 259 266 267 276 295 298 312 321 322 331 339 349 360 368 374 379 407 410 413 423 442 443 451 453 454 460 462 479 497 505 515 544 563 576 583 588 606 626 631 648 655 693 707 740 744 753 758 768 771 773 774 781 846 847 894 895 900 901 910 912 918 948 958 975 991 992 993 
96 5 8 18 24 62 68 70 99 111 129 137 147 152 168 171 191 208 209 225 227 263 274 287 297 305 307 312 324 332 337 358 363 376 380 399 410 431 437 438 441 445 455 457 484 491 498 517 518 536 538 562 566 572 581 590 610 623 624 625 638 641 659 661 677 685 690 691 695 696 746 748 752 770 775 778 788 820 833 841 857 863 883 910 915 943 944 950 960 964 973 978 981 989 993 994 1000 
87 11 15 23 33 60 79 86 99 103 114 117 120 121 126 138 154 175 185 227 228 235 243 256 259 305 309 314 342 345 355 360 372 408 413 417 453 463 479 480 516 527 528 534 540 553 579 580 586 610 612 636 642 650 661 666 684 685 693 694 696 698 714 715 724 730 736 740 743 746 783 790 794 795 806 820 821 829 858 897 898 903 908 926 931 970 971 986 
108 13 43 56 57 70 76 89 90 114 118 121 125 138 144 152 154 167 179 190 200 201 207 208 209 212 217 257 268 273 283 284 285 293 311 314 321 324 332 337 349 352 356 364 369 371 377 380 385 395 402 407 408 412 454 456 465 468 483 488 507 531 533 536 552 561 584 593 603 609 615 629 633 651 659 671 689 741 744 754 756 758 760 768 774 781 792 802 808 814 835 837 838 853 864 873 875 885 916 918 927 932 948 957 959 973 982 983 997 
97 1 4 23 37 56 67 73 98 102 103 107 130 131 134 147 157 178 186 195 200 246 275 280 288 289 294 296 314 322 324 325 328 374 378 386 393 421 424 438 444 464 473 481 493 494 500 511 533 536 544 545 563 564 567 569 589 594 598 620 627 629 633 644 686 694 713 714 723 725 729 737 745 750 753 756 761 788 810 822 828 833 861 862 863 864 886 897 906 914 917 922 929 930 949 959 983 1000 
105 1 7 12 24 31 33 35 38 44 47 52 55 66 68 73 93 115 122 131 137 147 155 163 171 182 185 187 191 194 233 249 271 297 300 340 354 355 356 379 380 389 409 414 423 424 427 436 443 447 453 476 497 499 500 501 508 510 512 515 530 562 569 599 618 619 627 633 639 658 666 673 679 694 696 697 712 732 748 752 755 758 768 774 780 794 798 800 806 817 830 853 863 867 891 894 900 920 940 966 972 979 981 997 998 999 
111 22 25 28 33 41 48 54 59 65 69 74 75 80 93 96 108 111 119 135 137 142 143 152 156 197 210 214 226 227 233 234 249 256 270 274 277 280 288 290 295 304 313 320 321 325 329 347 353 356 365 373 375 378 393 396 398 399 411 412 432 449 456 477 495 505 531 563 566 571 572 581 586 593 615 629 633 634 655 678 689 690 714 719 724 728 742 745 762 767 788 790 793 801 811 822 842 844 849 857 868 887 911 920 924 949 958 986 987 989 993 998 
117 2 23 24 28 30 41 44 48 56 57 58 59 77 81 112 114 120 159 160 166 173 191 196 201 212 213 245 250 251 259 263 265 291 297 298 306 341 358 366 377 378 384 385 403 414 443 452 459 466 484 487 490 498 500 506 514 523 533 534 539 549 551 554 558 592 619 621 623 627 655 658 666 670 690 692 703 704 710 717 724 739 740 766 771 772 775 778 787 794 796 797 799 802 811 812 821 828 837 838 851 857 862 864 873 889 908 917 921 933 944 946 956 963 986 991 994 1000 
113 2 8 16 32 38 44 47 54 58 71 72 76 82 98 100 101 115 132 158 164 179 185 195 207 211 218 227 234 248 251 260 275 286 303 306 321 326 327 351 360 382 384 390 404 405 406 432 436 455 460 491 511 513 520 526 545 561 565 566 577 608 610 615 631 637 645 647 649 650 661 670 675 677 678 684 690 712 715 720 735 736 752 764 766 767 780 783 785 787 791 794 795 797 799 836 847 849 869 887 909 927 937 946 947 959 964 970 975 977 978 979 991 993 
80 16 18 22 36 52 75 103 106 108 112 139 156 157 175 186 195 200 204 222 234 242 248 256 270 304 328 341 349 351 403 409 416 425 435 442 446 461 479 490 496 501 516 529 530 532 536 551 564 570 572 574 577 582 588 595 614 641 650 652 704 722 761 766 776 812 813 821 833 839 845 846 900 914 915 934 940 947 949 972 992 
102 21 22 29 36 43 44 49 73 91 98 110 112 116 139 145 147 160 168 172 173 175 176 177 180 190 201 204 207 210 212 239 263 269 271 274 275 280 303 307 390 394 416 426 440 453 469 470 483 487 490 494 498 500 501 502 515 517 518 522 525 528 531 533 541 552 563 570 599 611 625 626 637 639 642 644 650 658 661 678 685 718 761 767 789 792 802 856 861 862 866 867 889 921 922 928 943 958 963 968 972 976 990 
98 3 5 28 31 33 34 36 42 44 56 85 86 96 120 121 128 137 161 167 170 174 176 194 210 218 219 227 243 251 262 275 284 295 308 313 340 342 350 351 393 416 421 424 460 466 474 482 486 489 493 494 504 509 523 528 530 548 562 563 608 610 612 616 624 626 659 661 664 676 703 705 707 714 759 774 777 779 787 792 794 801 838 843 860 879 892 897 907 919 925 932 944 952 969 970 971 976 990 
117 14 19 38 47 50 56 58 59 60 62 75 99 110 135 136 146 147 153 154 165 170 176 189 213 221 230 232 243 250 256 263 277 283 286 291 294 311 323 327 332 336 347 351 364 365 367 385 387 400 402 404 412 425 439 463 469 471 477 478 488 504 510 525 534 536 553 562 563 570 576 584 597 604 607 611 632 635 646 651 653 655 664 672 702 710 716 720 733 735 769 773 775 780 793 808 810 811 816 820 822 828 845 878 883 887 898 909 916 931 941 948 953 959 962 963 966 980 
92 6 24 28 58 60 78 89 96 129 130 171 177 185 195 198 219 231 270 283 293 294 319 321 324 330 332 362 366 367 381 407 421 443 449 455 457 464 472 491 493 520 529 550 565 566 572 586 588 593 596 598 612 616 619 657 661 672 682 684 686 692 698 699 712 741 752 772 777 779 787 794 801 802 818 823 830 833 867 870 890 897 903 914 923 935 962 964 969 984 987 992 995 
108 3 8 9 22 24 25 29 59 60 72 78 94 98 100 103 121 129 132 144 154 157 160 163 170 171 173 179 189 199 203 208 217 219 220 241 253 254 259 260 274 288 289 290 293 314 316 355 367 376 382 399 400 404 422 423 431 457 469 475 485 488 498 510 520 539 548 560 562 568 569 577 583 586 588 590 594 600 616 623 639 699 704 718 720 741 746 748 752 754 785 790 796 802 825 838 841 845 879 880 892 894 896 904 948 952 964 970 988 
100 23 25 36 43 58 72 83 104 113 123 157 168 184 195 201 230 236 243 255 257 265 269 270 275 279 283 288 322 324 329 330 344 362 368 377 387 395 405 409 455 461 469 490 510 511 529 546 550 565 569 571 590 592 604 605 609 615 621 622 623 627 633 637 643 648 654 657 677 681 686 692 719 727 729 736 762 777 790 803 805 809 825 832 845 853 860 875 889 895 917 923 936 937 944 957 965 968 981 983 997 
106 1 4 6 10 40 54 59 78 79 81 82 85 87 104 124 144 169 177 182 196 204 224 227 230 242 244 256 264 270 273 283 287 330 336 355 357 365 366 372 380 393 430 438 488 493 503 511 514 525 530 536 540 544 556 575 615 617 638 658 667 679 692 693 696 705 730 746 750 752 763 772 779 788 789 794 796 799 801 804 809 810 813 820 824 829 839 847 867 868 883 899 901 903 911 928 950 953 955 962 965 970 975 978 983 986 998 
101 19 37 71 72 73 74 102 103 105 115 122 132 136 145 147 149 169 171 179 188 190 202 211 215 224 229 248 266 272 278 288 290 310 315 322 329 352 365 397 418 426 443 450 463 480 487 495 500 503 538 544 568 578 593 606 609 616 621 622 624 635 649 652 656 661 662 669 687 705 726 746 750 762 764 766 776 777 786 790 793 813 821 824 835 846 850 852 873 878 881 890 895 907 923 961 965 966 967 973 984 1000 
119 9 11 29 35 57 98 118 126 129 136 151 159 163 166 185 187 195 197 204 213 227 241 256 260 275 293 301 302 303 305 306 316 317 327 337 341 342 343 361 367 371 374 375 385 392 394 403 410 422 425 428 429 451 457 466 475 485 487 493 511 521 524 533 541 544 546 547 551 566 567 568 601 604 621 637 649 659 669 682 685 686 691 699 700 701 712 738 743 747 748 757 760 777 785 803 807 813 818 820 831 834 839 841 860 861 876 879 880 888 891 924 941 949 950 958 966 979 985 988 
82 2 4 12 19 42 58 63 76 82 105 121 125 126 145 163 188 189 196 206 222 247 276 281 300 302 310 322 339 340 382 388 399 404 405 423 432 433 441 448 481 484 495 502 524 525 531 580 581 590 592 607 608 617 637 654 696 698 704 705 736 752 765 795 803 806 817 827 842 855 858 859 863 876 893 910 911 913 919 929 945 953 967 
89 41 43 75 91 92 96 113 125 131 132 141 144 147 160 163 173 178 190 208 223 272 291 299 330 340 343 357 367 374 375 382 389 399 425 435 439 440 458 463 492 503 505 522 529 551 554 600 603 632 649 650 671 679 693 704 710 736 737 742 745 747 753 758 768 781 784 797 816 836 838 852 857 859 863 880 883 886 887 890 892 898 902 928 931 935 972 978 997 1000 
97 1 3 5 10 56 58 66 77 78 91 99 114 121 134 155 169 175 182 191 197 198 212 220 224 230 239 242 260 264 271 274 277 283 288 296 357 374 376 390 394 398 438 449 455 474 475 481 485 496 506 507 515 554 555 566 570 586 620 625 650 665 666 668 670 677 680 688 689 719 724 739 745 754 775 780 796 804 813 817 824 833 835 840 846 849 859 872 904 915 916 919 921 944 958 962 972 974 
100 7 25 50 74 94 104 106 107 116 132 170 179 180 200 201 217 221 239 251 253 256 260 309 330 331 339 348 355 378 382 384 388 390 409 435 442 450 455 470 473 499 501 510 538 544 549 556 557 575 595 596 623 626 628 642 646 653 689 691 707 717 720 726 750 754 757 768 775 782 785 788 802 815 819 820 821 826 831 835 839 859 862 864 878 884 885 890 893 896 898 904 909 914 946 948 953 963 971 973 989 
101 9 22 27 35 57 61 63 66 77 79 85 111 118 120 121 130 134 135 158 161 165 167 171 183 187 204 206 216 227 233 235 257 271 280 290 291 296 313 318 321 334 343 359 363 368 377 406 427 432 449 453 466 471 486 512 524 537 549 552 555 563 589 600 617 638 642 661 670 672 674 683 687 688 695 697 737 754 763 779 788 793 795 800 802 819 835 839 861 862 869 891 908 911 918 929 954 958 961 965 991 995 
89 3 8 37 67 72 75 85 95 98 112 120 130 144 151 153 169 176 181 197 198 201 206 227 240 241 256 290 299 313 324 342 369 374 386 390 391 399 408 424 433 452 455 457 477 482 517 521 531 533 547 563 574 582 596 597 599 601 613 626 630 635 640 650 652 659 665 714 722 734 754 797 800 804 805 811 820 822 835 837 847 861 863 866 915 930 932 939 973 994 
107 1 4 8 15 25 29 46 47 48 57 60 72 80 82 100 117 123 125 133 155 164 175 183 194 197 208 209 210 215 236 255 256 264 273 274 279 292 295 297 313 319 320 324 341 362 371 377 391 400 458 460 468 474 480 496 500 502 504 509 511 514 519 530 533 550 573 587 591 620 682 683 685 687 694 702 703 719 729 738 751 754 789 799 805 809 813 825 829 843 856 867 871 874 881 884 899 908 915 919 923 936 945 949 966 984 989 999 
107 12 21 42 48 53 61 67 75 80 85 89 92 104 119 125 142 153 154 169 217 218 241 246 247 275 278 288 292 294 304 309 314 330 332 335 336 342 345 348 349 350 368 369 382 396 397 426 437 451 461 475 481 484 489 492 502 512 514 515 527 531 542 544 555 558 566 575 583 593 599 611 612 624 625 628 637 645 649 652 673 684 686 691 716 724 750 775 780 790 792 800 802 810 816 834 859 860 873 888 900 915 925 926 927 935 939 963 
92 18 24 30 31 36 53 54 70 82 103 105 106 108 122 128 129 131 160 161 174 192 210 218 258 269 273 281 297 307 314 325 334 335 343 369 388 402 403 408 412 433 440 445 453 468 479 498 500 514 523 530 544 556 558 585 622 631 632 642 646 661 676 700 718 733 744 746 747 758 790 807 818 821 822 827 865 870 875 895 906 917 925 943 945 948 950 962 974 987 991 996 1000 
104 12 30 59 63 69 71 81 84 89 110 119 136 138 141 145 158 164 165 183 190 204 205 211 214 219 240 267 290 293 308 326 332 334 335 356 360 361 379 380 399 406 415 420 430 436 443 446 460 461 498 509 513 514 521 528 537 538 539 540 549 554 555 639 649 658 663 671 679 701 705 715 727 742 749 755 758 768 784 792 800 808 810 818 821 852 854 862 865 888 916 921 936 949 952 953 955 961 965 974 983 986 989 990 992 
83 6 34 35 37 39 50 56 58 67 83 88 89 99 103 131 155 169 197 202 212 217 219 237 246 248 263 267 289 304 330 331 341 351 353 376 409 427 429 436 437 438 439 440 459 478 496 498 528 529 530 580 601 629 635 646 654 667 679 681 697 713 737 752 771 777 780 790 824 832 834 836 869 877 886 891 910 938 939 941 946 950 963 975 
103 4 13 27 29 43 56 69 82 86 99 116 118 130 148 154 160 169 171 183 190 194 211 221 238 284 291 294 303 308 327 337 351 352 374 395 402 404 413 416 422 423 424 430 432 433 437 458 459 461 466 471 475 477 499 502 503 506 515 520 529 548 551 552 567 568 573 578 611 618 658 673 681 702 706 714 730 735 763 766 769 776 781 785 801 809 812 817 820 835 839 851 853 861 865 878 885 890 937 951 979 982 990 1000 
101 8 17 27 56 60 69 85 89 103 104 113 136 139 144 153 161 174 180 194 218 220 239 248 251 266 272 273 283 301 302 304 320 329 332 336 356 365 384 391 394 403 407 410 428 453 462 468 473 486 487 493 501 502 508 512 520 528 536 541 558 565 572 573 577 582 592 624 668 669 686 693 709 720 738 761 762 777 781 790 793 802 817 825 834 851 854 859 867 881 899 914 916 917 921 931 947 958 966 970 981 1000 
89 17 18 42 43 62 67 75 95 98 121 143 155 158 171 172 197 209 217 231 235 237 247 255 271 274 279 287 288 303 324 340 346 360 362 368 369 373 381 395 415 429 433 441 461 464 476 494 515 520 527 540 564 569 600 607 612 638 670 671 684 685 690 706 707 727 728 733 740 742 751 777 800 817 826 843 853 855 859 871 873 874 878 903 921 928 929 934 942 947 
106 8 20 31 79 90 93 107 130 136 137 143 153 165 168 176 178 182 190 208 227 236 239 242 247 249 256 275 291 305 306 350 354 356 360 368 370 374 377 379 391 399 407 450 466 467 468 472 481 490 494 496 497 516 524 527 550 560 586 609 616 625 635 639 646 647 662 665 666 667 673 687 692 699 703 720 723 728 736 737 753 754 773 781 784 786 799 811 818 822 826 836 846 849 854 857 858 867 899 908 931 935 943 945 962 994 1000 
105 17 35 36 59 65 84 85 99 101 104 106 124 143 150 173 175 176 182 194 197 204 207 233 243 251 261 262 263 276 283 287 306 322 323 328 337 370 385 389 408 412 428 436 437 447 451 463 469 490 514 515 517 519 524 550 552 555 557 584 612 615 616 625 641 642 645 646 654 670 673 693 696 712 722 723 731 745 748 770 781 782 791 808 819 845 847 851 860 861 868 880 887 889 905 913 923 938 939 945 956 970 981 985 993 995 
85 10 61 91 100 132 142 148 153 154 182 188 194 198 235 238 244 277 281 308 318 322 324 325 338 342 343 354 355 360 381 387 389 397 405 408 412 430 435 446 463 466 475 485 486 501 509 536 572 582 586 601 611 627 674 684 685 700 704 720 728 744 750 755 768 772 776 795 806 829 849 855 862 884 888 892 909 918 931 935 944 958 963 977 982 1000 
95 3 21 36 76 89 92 101 105 109 114 123 127 143 146 160 161 169 180 193 204 236 244 249 260 262 268 273 284 292 294 305 314 331 338 352 356 389 402 406 416 417 418 420 432 445 448 451 455 458 459 474 484 491 495 501 529 530 539 545 556 563 569 577 611 616 631 638 642 646 664 676 681 694 705 714 715 755 787 789 795 799 804 808 814 818 824 833 853 875 893 895 904 961 975 976 
96 3 8 12 23 24 25 33 38 45 49 67 75 89 102 119 123 131 155 161 174 175 189 192 193 202 221 227 245 259 261 272 289 292 299 300 303 307 308 321 329 335 339 347 351 354 371 394 433 438 443 452 458 495 511 512 516 517 527 533 545 582 590 592 594 614 632 638 642 643 645 653 679 702 704 712 740 741 742 761 770 786 790 804 829 868 873 876 880 884 898 922 968 977 987 988 999 
86 1 19 37 43 59 63 69 96 109 115 133 134 143 150 153 162 165 169 175 176 193 197 199 212 217 246 287 334 339 359 366 370 383 400 416 422 440 482 492 497 546 557 567 579 581 595 599 604 620 635 637 646 653 676 713 736 737 745 770 802 809 811 830 831 839 840 841 845 859 860 861 873 902 908 919 923 925 930 933 948 953 956 958 961 967 997 
108 9 11 14 39 44 50 58 65 69 78 86 91 97 100 101 112 121 138 140 158 174 198 224 238 243 255 256 257 261 273 283 296 324 342 343 357 373 383 395 399 412 413 423 426 428 437 447 461 463 500 501 505 521 535 543 544 563 566 576 579 584 585 589 598 627 632 639 666 668 669 686 710 716 718 723 724 732 766 777 779 783 810 821 830 836 848 853 865 875 878 882 893 896 906 909 918 925 930 931 940 942 944 948 953 973 987 995 1000 
82 13 19 52 63 76 77 82 84 98 102 109 116 119 159 161 163 170 187 190 197 205 214 263 266 267 271 290 306 312 313 329 335 339 343 346 368 425 441 457 481 491 494 498 500 507 514 516 520 559 564 577 604 627 656 681 682 695 700 703 727 738 740 746 774 778 782 792 796 804 828 842 854 857 870 896 921 955 970 974 982 987 996 
115 6 8 11 19 62 72 73 90 93 123 130 142 148 165 167 185 192 214 224 230 231 235 237 251 258 261 266 277 280 290 292 293 300 318 330 336 381 398 410 415 435 439 444 458 484 486 489 491 492 498 501 503 518 532 546 549 556 562 568 584 587 591 596 598 599 610 638 640 641 655 664 688 692 693 709 710 716 719 721 733 736 752 757 762 775 786 799 800 825 854 858 864 869 877 884 894 901 904 905 906 931 932 935 940 948 957 960 963 966 968 973 982 990 997 1000 
105 2 8 16 20 21 36 37 39 65 68 85 102 117 134 145 168 176 185 200 215 221 232 236 237 243 247 269 279 292 297 309 319 328 339 350 376 401 409 416 424 425 426 445 461 474 476 482 489 492 512 516 524 528 530 535 536 544 546 547 552 554 561 562 565 577 579 594 603 611 618 637 652 663 671 672 678 685 700 704 751 753 761 765 771 773 795 814 816 825 827 832 837 850 869 878 912 926 932 936 948 957 962 966 972 979 
98 1 8 13 24 36 43 47 60 66 87 98 103 115 118 124 136 175 199 208 213 219 223 231 246 252 260 261 270 288 296 308 309 310 338 344 350 355 356 362 370 378 388 404 405 409 418 420 426 434 437 438 439 440 441 452 462 465 468 487 495 520 541 554 560 591 604 623 657 663 668 678 691 694 705 711 724 731 756 783 799 809 818 836 866 876 888 890 917 922 931 932 950 957 967 983 991 993 997 
98 2 3 12 17 55 65 78 103 104 108 128 136 149 150 158 177 180 213 214 216 218 222 228 234 250 255 280 284 301 305 306 315 326 332 337 340 344 357 359 364 384 392 401 402 411 420 423 424 430 431 482 491 504 511 516 537 548 552 559 571 591 614 626 637 641 644 658 665 673 679 683 701 709 711 722 757 766 768 782 786 787 796 799 843 865 867 877 889 930 966 967 974 976 988 989 995 998 999 
103 6 19 21 38 42 58 62 66 69 82 83 88 93 126 129 131 141 150 161 171 184 188 215 223 228 259 266 276 296 302 311 318 347 350 354 355 356 361 363 365 366 380 401 403 411 412 423 437 438 455 473 476 485 497 527 570 583 587 588 599 615 618 622 627 630 632 660 661 664 674 682 684 690 698 717 718 724 736 737 770 776 790 799 808 818 821 858 888 890 897 899 905 925 926 933 936 939 944 969 971 972 975 992 
102 6 10 20 23 27 31 34 40 44 57 80 84 97 107 109 110 136 143 145 160 194 203 215 217 235 257 258 263 265 266 277 278 299 304 313 334 350 359 373 383 391 416 417 423 428 462 463 468 469 479 493 505 512 517 519 528 534 537 541 545 548 556 558 561 562 583 585 589 592 605 608 621 631 636 639 647 683 684 693 706 726 756 762 771 794 815 835 836 856 873 879 905 912 919 921 939 945 982 994 998 999 1000 
94 42 55 66 81 85 92 120 165 186 193 203 205 208 217 219 221 237 252 272 285 286 291 294 314 337 348 350 366 371 372 396 414 420 421 431 441 443 460 478 479 496 501 511 517 522 551 556 561 568 571 573 581 595 597 607 621 628 635 638 654 675 679 681 690 691 711 713 727 752 759 772 777 794 803 827 832 833 835 840 869 891 895 903 905 911 924 938 943 952 977 979 981 986 998 
107 16 22 33 34 38 39 86 92 111 121 128 130 132 133 161 164 166 174 183 198 200 225 233 236 253 256 260 274 281 293 294 295 301 323 333 340 342 350 362 376 377 399 427 429 431 435 441 451 467 469 472 475 479 481 491 498 506 527 533 535 542 575 593 594 596 598 603 606 620 624 627 635 643 659 698 715 723 739 751 754 763 767 768 770 773 785 819 823 855 864 875 885 893 904 911 915 917 919 920 936 940 961 971 972 981 982 986 
105 16 21 26 29 30 31 38 43 66 69 70 73 90 100 102 117 143 145 148 155 157 162 168 180 184 192 194 201 205 216 222 225 251 258 260 262 264 274 277 279 281 282 301 328 329 332 333 357 360 369 374 375 377 382 401 414 429 432 471 473 480 499 529 535 584 589 636 638 643 653 660 662 677 678 685 710 711 719 721 723 725 733 747 750 768 780 789 791 797 802 821 839 840 875 879 891 899 901 919 922 929 930 931 932 937 
88 1 8 13 15 43 48 69 125 148 164 168 175 179 190 204 207 209 215 228 232 237 254 277 288 292 307 317 318 320 328 332 334 351 356 358 373 401 410 413 429 448 488 490 499 507 517 530 532 536 571 583 600 606 617 618 629 683 684 691 726 731 747 754 756 757 780 784 795 796 846 874 875 876 880 881 895 904 915 922 928 932 936 945 947 952 978 990 998 
105 18 21 31 53 66 68 73 82 92 98 127 128 143 159 164 168 172 177 188 204 211 216 219 232 234 239 243 250 270 289 294 295 298 301 309 313 321 322 326 329 332 337 341 344 346 370 411 412 414 437 447 463 466 487 499 513 517 521 528 538 546 565 573 575 623 636 640 652 684 695 696 700 705 715 740 743 744 746 747 753 758 768 790 808 809 810 838 841 846 847 850 858 863 864 874 887 898 916 929 937 967 971 975 981 983 
106 39 41 43 48 57 107 113 115 129 135 139 145 152 167 170 174 176 189 197 238 242 252 255 257 264 289 295 300 309 313 321 328 339 343 345 350 363 372 387 404 408 409 415 418 429 461 466 468 476 483 487 503 504 507 519 522 527 530 558 561 566 587 605 606 629 633 636 662 685 693 716 734 735 744 747 759 761 779 780 784 786 793 800 808 822 824 826 829 842 845 857 860 882 887 888 891 892 899 929 938 939 946 952 965 993 995 
97 2 6 15 29 36 39 40 57 60 86 87 110 113 118 120 123 131 148 151 154 155 207 217 221 229 244 306 308 327 341 347 371 375 402 406 410 450 458 469 485 492 496 504 512 541 549 551 553 560 580 586 599 600 606 607 614 617 620 624 639 641 646 652 655 660 663 672 688 707 710 720 739 751 769 778 794 796 798 808 830 851 874 877 879 882 895 897 899 906 922 924 929 950 960 962 969 999 
102 2 6 7 12 14 25 42 44 46 50 66 77 82 83 94 97 98 99 109 154 161 164 165 179 181 183 202 225 232 246 259 273 293 297 298 299 316 332 349 351 360 367 375 389 393 405 413 420 422 440 445 446 448 451 485 498 510 514 526 527 529 536 568 573 596 619 625 637 647 649 657 662 669 703 708 718 726 744 768 802 810 826 829 830 833 836 841 848 852 853 855 887 895 901 902 906 912 927 938 953 971 994 
96 7 14 23 40 44 52 65 86 97 101 102 109 113 133 137 140 148 152 174 181 198 199 212 220 224 226 228 229 236 238 258 291 295 296 304 307 336 337 355 358 362 379 382 397 398 433 452 473 482 484 491 493 502 520 526 529 531 540 547 563 579 597 608 626 627 632 711 713 747 749 770 784 799 801 813 814 817 850 862 863 867 873 875 885 910 916 922 924 933 956 957 972 984 986 987 998 
95 8 43 54 75 84 86 93 101 111 113 115 129 132 134 154 155 168 170 183 186 201 202 208 209 216 221 230 250 264 294 303 312 313 332 333 345 357 369 370 382 408 415 425 440 446 450 470 488 504 526 532 533 535 537 542 571 580 588 598 619 621 632 634 640 646 653 657 672 679 713 722 750 753 764 779 783 784 805 813 825 826 834 844 845 884 892 893 901 910 920 935 960 962 967 972 
119 10 18 28 29 35 52 75 83 89 91 93 100 101 109 144 147 148 161 168 173 181 183 193 209 213 219 227 232 233 245 246 252 262 269 280 283 295 299 301 315 316 322 329 330 336 363 375 376 382 391 394 396 424 427 432 446 448 456 463 479 504 507 510 516 519 522 537 542 548 549 570 573 578 608 624 646 647 650 657 659 661 672 680 690 707 712 719 731 732 745 756 757 772 773 779 787 791 797 801 804 820 821 836 843 855 868 874 875 883 891 919 922 930 953 955 978 981 984 990 
112 5 6 9 12 28 61 62 99 109 110 122 140 142 144 146 148 149 174 177 180 200 204 214 221 223 235 240 253 275 277 280 282 283 284 293 296 308 309 315 316 325 333 336 339 370 426 439 445 453 462 464 471 486 498 513 520 521 528 532 537 539 540 545 565 568 569 573 576 587 592 612 622 635 638 640 650 652 660 661 694 696 706 723 747 760 765 772 773 779 795 804 818 822 825 827 832 835 846 848 856 868 891 906 939 960 969 970 974 979 990 992 994 
113 4 32 35 46 53 63 98 99 117 122 126 151 168 176 189 190 202 203 230 242 284 305 306 316 317 321 324 325 332 346 355 357 364 370 379 402 408 423 432 453 454 458 464 472 528 535 536 551 553 554 562 569 583 596 601 622 637 646 647 653 658 669 675 678 681 684 687 699 705 708 724 738 744 746 757 763 767 780 783 791 800 809 833 836 840 846 849 851 868 870 871 874 879 881 882 885 895 909 911 912 924 937 940 943 948 954 963 964 969 973 976 985 993 
93 19 32 36 48 71 77 94 114 116 138 158 174 179 191 194 195 220 230 236 240 245 253 254 262 268 276 290 293 317 318 321 323 353 355 360 367 373 378 396 400 404 412 414 455 456 466 517 527 543 546 563 573 578 587 590 598 599 608 614 631 636 639 650 657 664 667 693 695 702 721 724 745 753 754 760 767 798 802 804 812 813 821 843 860 901 920 928 953 964 981 984 986 993 
98 23 28 34 40 45 50 60 69 89 90 92 102 105 107 131 159 177 187 200 210 213 220 242 246 253 254 262 271 277 278 300 343 347 353 363 368 370 372 438 444 454 461 467 487 497 505 513 515 522 532 534 556 598 613 614 631 638 647 652 663 675 678 682 692 708 737 741 748 750 754 763 771 779 791 798 802 818 821 827 830 833 842 855 856 869 870 873 875 895 916 933 941 942 960 973 983 984 998 
100 2 38 43 50 55 95 130 152 174 177 189 190 237 257 270 277 283 297 301 318 320 327 330 334 341 344 358 361 371 374 379 402 405 409 416 418 420 422 446 450 461 462 463 466 468 476 480 493 498 502 503 505 506 513 520 538 552 572 607 609 619 624 631 637 640 659 662 685 693 697 704 710 722 723 732 734 747 761 774 778 804 821 829 840 846 862 866 878 888 902 914 915 919 921 925 961 970 971 988 993 
108 23 28 40 45 46 73 76 78 94 99 106 119 132 134 137 146 147 150 158 182 204 206 232 241 246 258 278 330 332 333 339 350 351 366 380 385 394 395 397 399 405 407 415 422 430 455 456 458 461 462 469 475 477 496 498 504 528 532 535 536 543 546 568 569 576 578 587 592 617 622 647 654 671 684 702 706 707 716 721 736 753 754 797 804 812 822 824 856 858 871 890 911 922 929 933 935 938 944 961 963 966 968 971 972 975 980 982 995 
92 2 5 12 18 24 34 36 54 60 71 72 77 82 85 97 98 105 106 108 109 120 137 138 140 156 157 159 184 191 208 245 284 330 331 332 334 335 337 351 357 401 419 447 450 453 464 475 476 478 493 497 505 519 555 563 565 576 577 583 586 604 607 621 628 654 669 675 684 704 714 717 727 735 759 778 781 803 807 811 813 827 848 860 865 869 890 892 920 926 928 973 975 
90 26 33 42 49 62 74 76 85 100 108 117 124 138 144 146 159 160 172 179 186 190 198 222 254 255 284 294 301 308 311 334 353 358 368 369 391 410 418 424 431 437 438 443 450 455 456 468 471 480 481 483 495 499 502 513 526 545 548 560 572 588 589 616 635 638 639 642 645 705 711 725 733 741 778 786 787 788 801 815 818 831 870 873 888 956 961 970 979 983 1000 
101 2 7 11 36 47 48 50 66 70 75 90 93 110 116 128 131 135 153 172 182 188 191 205 206 213 217 218 224 225 231 235 239 254 259 263 266 267 270 282 285 291 292 294 317 326 330 337 340 346 374 377 385 390 391 397 406 411 416 449 458 476 492 508 519 525 532 539 573 608 631 635 648 661 678 687 696 697 704 718 730 731 766 774 785 831 847 880 882 897 910 915 918 920 927 942 953 962 963 980 994 998 
110 5 12 19 25 28 29 38 41 51 102 116 128 143 147 151 162 166 169 173 183 200 213 220 230 242 247 254 260 262 268 270 274 278 279 280 288 291 304 331 342 352 361 367 375 382 390 391 397 405 424 431 433 440 452 470 481 482 490 494 504 509 520 538 553 565 570 572 578 614 619 624 625 631 641 652 655 660 696 700 718 726 728 731 762 766 768 777 778 779 824 831 841 849 857 858 867 870 893 904 906 907 914 925 942 946 952 974 975 977 996 
110 3 12 41 81 85 89 90 100 103 107 108 116 118 120 125 145 148 151 161 181 209 216 222 224 230 235 249 251 257 264 275 280 296 304 305 308 311 313 320 324 337 344 375 387 391 401 402 408 423 431 449 456 457 467 475 492 514 520 523 532 535 537 565 584 590 591 594 597 602 619 633 639 642 643 651 698 702 707 729 741 769 772 777 781 791 825 827 830 840 844 853 856 858 861 874 896 897 902 919 925 926 928 943 954 958 959 977 986 989 994 
99 12 38 42 46 48 53 61 65 67 79 87 114 133 134 140 144 148 149 157 158 159 172 188 193 206 211 222 236 241 248 254 292 305 316 325 332 357 358 362 372 378 383 390 391 393 395 397 398 406 415 430 431 449 453 466 480 482 490 512 514 526 547 565 569 584 601 607 644 679 703 705 710 764 766 775 777 807 814 837 866 877 878 879 896 900 902 907 921 936 944 949 951 952 956 958 973 978 995 997 
101 6 23 26 45 48 53 66 86 99 100 106 107 117 124 132 134 137 158 183 196 216 220 235 239 243 244 247 258 284 291 319 322 325 343 369 383 397 410 415 425 430 438 441 466 471 493 503 518 522 543 545 553 563 565 567 572 574 587 591 596 603 611 621 624 627 629 652 655 657 658 660 664 692 707 722 730 731 747 782 785 803 819 830 837 845 863 867 873 876 881 917 925 930 950 952 955 965 967 981 988 994 
104 17 23 27 44 71 75 92 93 111 113 119 128 143 151 178 184 199 216 222 229 235 255 263 265 266 272 285 286 311 314 317 336 367 375 376 388 394 396 422 426 428 435 437 461 471 483 489 506 514 529 532 556 562 569 575 583 590 609 626 643 657 662 663 664 670 683 698 701 704 711 719 721 729 744 745 755 764 765 770 784 802 825 831 840 844 849 861 884 885 890 900 902 904 928 931 932 935 940 941 952 957 970 998 999 
99 1 23 28 44 45 47 65 80 98 109 115 156 162 171 185 199 201 208 221 240 243 244 250 258 263 273 275 296 300 303 305 307 320 331 334 343 368 376 384 388 392 421 440 467 472 481 485 494 500 503 507 513 519 530 548 555 559 568 578 584 591 609 621 636 642 644 653 682 687 694 701 716 719 745 766 767 786 804 808 818 822 827 831 839 850 851 896 897 899 903 911 953 954 962 970 979 980 981 993 
105 16 21 24 27 31 32 33 37 47 55 57 67 76 99 103 111 126 145 159 185 191 196 203 220 230 232 236 269 280 282 288 297 301 308 330 347 351 353 383 388 389 395 397 407 415 430 435 437 444 455 459 462 468 469 473 474 476 480 503 508 511 517 542 543 559 587 601 609 616 634 639 646 658 671 696 700 719 755 786 800 805 813 827 833 841 849 854 869 876 879 888 902 908 913 934 935 946 947 954 959 967 972 982 985 987 
99 2 20 31 35 45 53 54 58 59 62 84 88 91 113 134 161 207 213 226 247 268 281 290 306 311 314 324 330 331 334 336 368 373 391 392 401 404 411 434 436 445 454 458 461 477 480 496 507 512 515 516 538 542 543 546 550 562 585 599 613 614 616 627 628 635 638 639 649 658 672 685 690 702 731 739 744 752 773 782 866 874 893 899 901 904 910 914 918 920 928 940 948 951 955 957 975 980 984 993 
97 1 25 26 39 48 54 57 97 98 101 107 115 116 137 141 142 163 177 178 184 186 199 204 206 209 217 218 256 262 278 304 308 310 316 327 354 360 396 418 426 435 445 458 464 484 493 506 513 516 530 531 555 557 581 590 591 592 599 617 632 642 670 672 678 683 701 712 734 752 759 772 773 790 806 813 832 840 847 849 856 861 873 879 896 900 906 909 911 913 922 923 950 957 958 962 979 996 
80 2 6 16 18 20 31 32 77 78 85 112 121 131 132 136 137 144 149 158 160 163 190 195 203 216 233 245 256 258 311 317 321 332 347 365 376 383 389 392 419 454 463 464 520 539 561 591 609 613 636 672 687 688 694 697 698 705 734 744 771 781 787 796 799 801 820 850 857 867 872 902 912 925 927 933 943 975 985 986 999 
85 36 48 66 70 72 77 78 99 126 145 151 152 175 180 183 200 213 218 224 241 244 261 266 267 274 284 288 295 299 311 313 319 335 341 343 344 347 352 365 369 385 393 441 446 467 473 496 532 553 555 565 568 576 581 584 605 613 623 628 647 665 686 687 761 772 787 789 798 804 805 809 843 855 864 890 894 901 914 916 924 930 931 934 945 979 
97 17 45 48 54 74 83 84 109 113 139 149 153 166 177 180 190 196 198 219 221 255 262 296 302 305 349 350 355 367 369 377 378 379 380 386 388 404 411 421 441 446 451 480 492 503 516 531 534 535 540 545 551 585 594 595 601 613 616 622 639 643 659 677 678 687 699 709 710 721 723 726 738 751 754 755 757 764 772 781 799 804 805 806 813 821 845 848 862 881 891 904 916 924 937 939 989 990 
96 6 25 33 35 64 78 84 93 104 148 159 162 163 168 172 184 190 199 208 215 217 218 237 257 265 267 268 276 294 312 347 349 353 360 364 370 378 404 451 452 459 461 470 495 524 551 559 564 568 589 595 616 628 631 632 643 651 655 665 669 688 726 747 754 755 757 764 768 774 790 796 798 802 805 834 835 840 849 851 853 860 878 902 905 909 913 923 943 946 947 948 952 967 975 977 992 
98 3 13 56 80 98 113 120 130 134 156 160 175 193 197 204 210 224 225 232 235 237 244 258 286 289 299 301 315 317 320 341 359 363 389 392 393 410 422 426 427 428 446 454 457 464 471 482 486 487 493 495 505 512 520 523 526 531 538 544 548 549 568 581 592 602 607 620 623 624 625 630 637 638 674 687 703 711 713 748 750 773 793 798 813 826 830 853 864 867 869 900 917 918 937 944 960 974 987 
85 20 35 37 61 80 86 91 95 101 104 111 118 120 125 136 140 141 154 164 167 170 173 178 184 191 195 198 201 211 256 266 267 304 307 314 331 343 364 378 382 384 392 398 455 457 471 476 495 505 512 551 566 571 581 631 655 661 668 686 737 783 804 815 822 838 849 858 860 865 887 892 899 903 904 913 933 944 949 957 968 976 985 988 995 997 
83 2 6 12 14 19 69 103 107 109 135 137 138 144 147 168 172 174 206 210 220 233 242 256 275 276 301 312 324 401 415 417 436 447 450 464 467 490 491 499 501 522 531 536 540 544 551 554 562 583 596 606 613 625 630 642 704 722 729 731 745 764 778 797 804 811 818 831 836 845 848 865 875 898 905 907 911 946 958 969 979 993 997 1000 
104 25 28 43 50 52 56 64 68 75 92 95 108 110 134 150 156 159 160 163 177 179 213 215 235 262 268 301 307 317 334 353 358 360 362 405 411 419 436 466 482 486 492 509 516 517 518 524 526 528 536 542 545 548 550 561 570 573 576 577 579 584 585 590 591 602 605 608 614 618 621 634 637 654 655 657 670 689 706 710 722 729 753 783 785 791 800 815 819 824 873 879 890 898 903 920 921 941 950 963 964 973 984 988 995 
127 9 24 30 32 45 49 53 57 64 68 73 76 77 92 95 96 110 128 142 146 151 160 161 181 185 189 194 225 226 227 235 240 250 253 256 273 278 281 288 296 302 317 320 347 360 361 364 368 378 384 385 387 389 394 398 424 426 429 443 445 464 472 478 497 507 512 515 521 524 526 536 545 562 566 578 579 586 595 602 607 610 611 615 624 626 627 636 640 646 650 660 683 684 698 703 712 719 725 726 729 731 735 744 750 767 771 793 798 800 805 813 815 821 824 860 872 873 882 893 897 916 930 935 940 973 980 987 
103 14 15 18 20 40 63 90 96 101 133 139 141 144 153 154 173 189 207 213 222 234 237 247 249 255 281 287 305 326 349 364 367 369 378 387 396 397 408 419 420 426 432 446 452 456 461 469 485 486 490 503 515 542 551 567 576 578 580 590 623 624 628 632 672 676 685 717 731 736 740 745 748 787 789 794 807 813 814 822 823 825 834 839 846 865 866 889 907 911 912 913 932 935 941 957 966 976 980 987 990 995 996 999 
102 4 6 7 12 23 26 33 41 47 59 82 87 111 149 151 186 188 189 199 213 232 238 243 246 268 274 277 279 283 285 290 292 293 303 309 311 314 343 360 381 395 413 446 450 466 469 498 506 508 519 529 539 540 546 574 579 611 613 624 625 653 656 669 670 677 682 686 722 723 730 735 736 737 754 758 761 773 793 802 803 806 807 810 813 814 832 839 843 849 851 861 862 875 907 924 928 929 935 972 979 985 987 
103 12 20 29 31 32 40 42 51 59 66 75 79 85 93 105 107 114 115 122 138 165 187 189 211 215 218 230 231 232 237 248 251 269 278 281 286 295 318 341 362 363 364 380 389 404 420 421 431 441 452 460 469 470 472 478 484 492 496 508 513 519 525 538 557 561 562 567 577 582 601 607 629 631 632 652 664 668 697 719 730 769 771 777 779 781 784 795 806 807 812 832 849 878 879 885 898 902 912 938 960 963 981 990 
111 19 28 29 40 42 48 54 60 64 76 84 89 96 106 140 163 174 199 208 215 227 245 255 257 291 292 296 306 307 318 320 323 351 352 354 360 361 365 394 395 409 419 436 443 459 466 470 478 483 488 505 511 514 517 522 535 537 538 543 560 571 574 578 587 606 611 619 625 641 642 663 668 671 673 680 689 712 716 720 722 731 747 749 754 774 795 806 819 842 847 850 856 865 866 872 876 880 887 898 921 924 931 936 942 950 954 965 966 972 985 992 
88 42 55 62 69 70 73 96 112 136 137 150 162 179 195 223 230 231 246 256 257 314 316 317 321 328 331 351 355 357 364 383 386 411 414 421 425 444 459 465 471 473 497 513 521 530 544 566 569 571 605 612 614 618 620 650 666 675 682 705 707 719 726 732 737 750 754 757 758 764 775 778 802 815 816 820 822 841 854 861 869 872 895 901 932 939 972 974 1000 
93 3 18 23 44 51 54 73 93 100 122 133 139 144 150 158 159 192 205 210 220 223 230 243 252 256 264 270 285 293 295 367 379 386 392 394 396 433 437 440 444 445 461 462 464 478 479 488 496 524 527 536 549 553 557 559 561 584 591 593 616 634 657 665 666 697 719 720 724 732 733 743 779 784 792 798 802 814 816 817 821 826 854 861 862 868 873 889 909 949 965 972 993 997 
90 2 11 12 22 23 24 29 59 68 78 80 99 113 120 136 153 156 164 176 178 204 217 222 229 254 267 270 276 277 281 302 314 321 327 329 358 365 390 394 399 402 420 441 489 492 494 514 515 533 542 544 545 550 562 563 569 605 607 633 634 641 648 656 667 689 714 726 727 744 782 800 830 841 846 858 882 883 887 908 910 914 923 936 937 951 954 976 992 993 998 
98 25 37 44 57 64 78 84 92 95 96 114 132 133 138 161 164 165 177 182 205 214 224 225 229 232 241 246 255 259 262 267 271 272 277 289 291 307 308 317 320 323 331 365 381 383 386 406 424 436 439 445 453 461 479 483 524 542 545 552 553 565 574 578 580 590 600 604 625 632 635 638 653 656 660 667 668 672 682 687 694 701 710 720 756 816 820 829 847 849 850 870 871 876 892 897 913 932 953 
106 10 19 20 29 46 66 80 91 100 108 113 123 130 133 138 140 144 151 154 162 166 172 174 175 186 195 228 238 240 249 261 265 271 279 287 291 293 296 299 301 302 314 323 363 387 399 435 445 455 460 474 485 489 497 498 507 516 538 543 552 557 565 572 577 599 615 645 653 663 717 725 730 732 742 746 755 757 765 782 795 811 812 818 822 823 825 826 864 871 872 879 885 907 910 912 921 925 939 958 960 961 976 985 986 989 992 
95 4 6 7 10 15 44 58 80 86 87 89 94 120 137 138 155 175 187 192 194 212 228 258 259 267 283 285 305 323 335 343 353 354 361 372 374 375 383 389 392 408 422 436 439 441 456 461 474 487 490 491 495 507 538 571 580 582 589 595 603 607 615 618 625 646 647 649 650 651 662 688 690 718 721 722 726 743 751 772 800 805 816 820 835 840 844 851 857 864 878 898 930 968 970 981 
