100 1000
93 9 15 35 69 73 77 86 126 137 179 180 181 220 229 235 241 246 252 262 298 302 316 326 329 332 338 343 364 389 394 403 414 437 460 464 473 480 481 489 493 500 517 520 527 532 534 538 542 547 562 565 568 581 582 638 643 660 661 672 680 685 689 692 712 714 724 739 741 754 762 766 772 784 799 805 814 820 838 840 855 868 871 882 905 911 933 943 944 954 956 962 968 992 
102 2 10 20 44 50 84 90 93 95 99 102 129 136 145 149 158 163 169 171 195 204 206 218 220 244 276 302 303 321 323 328 338 346 360 373 384 388 391 402 411 414 444 453 480 482 483 505 512 528 538 559 584 587 620 631 653 659 662 671 699 707 711 730 747 748 754 760 761 766 767 778 781 788 794 799 803 806 813 814 830 839 845 854 855 858 859 861 871 896 898 903 904 921 922 939 943 947 956 957 962 963 989 
109 5 12 79 92 104 121 132 133 135 143 144 160 182 192 196 200 219 233 235 247 250 263 270 298 301 305 344 351 354 368 381 399 404 410 414 420 425 437 451 463 464 469 477 503 511 513 529 535 542 553 576 578 581 583 584 588 594 599 619 633 653 686 691 699 701 710 711 712 716 733 761 763 764 771 787 791 795 796 803 807 819 822 835 836 840 848 853 863 866 867 871 879 891 894 923 927 932 936 939 947 948 959 960 966 977 981 982 994 997 
95 4 21 65 70 92 108 117 119 142 153 163 197 237 240 244 255 264 266 273 278 282 302 306 309 316 321 327 331 340 356 357 370 372 380 381 385 388 404 442 447 460 472 474 479 497 498 513 518 519 551 556 560 566 571 584 587 599 632 656 670 679 688 692 699 716 719 742 751 758 770 773 774 822 827 830 832 841 847 854 861 862 865 879 880 884 893 896 897 903 910 953 955 973 975 990 
87 4 16 17 65 66 74 90 94 99 100 120 123 133 181 204 223 226 236 248 249 252 275 277 281 291 296 307 309 313 323 325 333 335 338 357 363 366 371 407 423 440 452 459 478 487 490 518 534 551 555 571 575 593 601 602 610 618 623 646 649 696 700 703 711 713 724 729 736 740 753 804 810 826 850 866 877 879 885 898 928 938 940 943 955 961 990 1000 
99 18 41 45 47 68 84 85 93 128 129 141 150 158 165 169 172 178 184 191 215 223 228 229 245 259 264 266 280 281 295 297 302 306 308 336 339 357 384 386 388 389 396 414 428 462 475 479 480 495 496 508 509 511 522 536 559 564 579 585 587 590 612 629 632 634 651 693 695 699 701 702 715 721 730 733 737 751 766 772 778 784 793 800 803 822 835 844 862 884 893 896 911 912 920 926 955 961 980 999 
98 3 4 32 39 40 59 63 76 77 87 109 121 131 145 146 154 166 191 206 207 216 221 236 254 257 264 267 272 274 284 301 306 311 312 315 318 324 330 338 372 375 399 422 436 448 459 464 466 469 471 487 490 491 503 520 527 535 550 557 565 578 615 618 620 623 625 657 667 683 689 696 722 737 741 747 761 773 817 829 845 862 867 882 894 904 907 919 920 933 951 959 960 961 964 984 986 993 994 
99 1 3 13 28 33 35 39 53 70 87 89 106 113 114 120 158 171 180 181 194 227 231 242 260 279 293 294 295 309 315 318 330 370 373 404 420 462 464 497 509 514 517 526 527 528 530 543 547 553 556 559 563 567 569 589 600 601 611 625 629 632 640 642 648 665 670 693 696 707 709 711 718 736 751 753 772 808 828 829 837 846 848 853 858 868 902 911 931 932 940 949 951 957 958 970 978 981 982 993 
94 29 54 64 82 111 146 155 179 192 194 215 217 228 235 237 251 260 267 275 277 284 293 294 296 299 318 334 341 346 347 348 349 354 382 400 404 426 441 461 463 476 500 522 534 538 539 548 577 592 595 600 627 637 640 645 646 656 680 683 691 727 736 752 754 763 779 784 809 817 821 834 843 851 855 863 865 872 893 896 898 901 921 923 931 946 949 952 954 960 962 973 981 992 1000 
107 2 7 26 27 39 43 51 61 69 75 76 77 78 88 97 106 109 119 139 153 164 168 172 181 183 184 188 200 208 218 222 224 227 229 235 251 277 278 290 300 311 312 314 358 374 396 397 408 409 410 422 431 440 444 464 483 493 507 508 534 559 566 577 594 611 617 618 619 624 629 634 635 645 648 656 657 663 666 673 676 686 717 726 733 737 745 784 794 805 817 830 833 836 849 851 854 870 878 884 903 930 936 949 950 965 968 991 
107 8 14 20 43 56 68 91 99 103 112 128 153 158 165 180 181 183 184 195 202 205 210 216 218 223 229 240 261 277 285 309 310 317 337 340 348 353 354 356 361 367 373 400 415 424 429 432 434 442 477 478 486 490 495 516 527 542 546 572 589 591 596 604 610 612 616 618 623 648 652 653 656 666 668 678 694 697 712 713 748 756 771 788 793 795 815 823 824 831 837 844 856 876 877 889 903 914 918 924 925 941 951 959 966 989 996 998 
107 2 5 7 14 38 43 48 49 54 70 86 108 109 110 115 123 133 134 142 143 146 170 196 201 207 234 235 236 237 242 244 250 255 262 263 284 300 306 311 320 360 365 374 375 392 393 395 396 399 421 424 460 465 478 479 480 485 494 497 498 508 511 519 526 535 547 550 552 554 561 588 605 613 619 625 626 647 649 654 657 664 681 691 702 718 743 744 758 780 791 801 806 810 854 867 873 881 885 894 933 935 953 969 970 987 992 996 
106 6 9 10 19 25 34 37 54 81 85 95 104 130 134 165 170 181 183 209 212 220 236 259 272 284 306 318 319 325 334 337 341 343 357 373 374 376 383 417 432 448 449 456 457 470 472 478 483 487 494 510 517 525 540 546 548 554 555 562 563 567 585 592 606 612 613 619 625 634 637 650 668 673 674 685 690 693 710 728 729 762 772 778 792 793 800 803 810 813 818 819 824 838 842 853 857 891 899 901 909 913 952 953 964 971 998 
118 8 18 31 35 39 40 43 54 75 78 89 93 95 142 143 158 163 171 174 179 188 199 202 205 218 232 237 241 245 246 249 260 262 286 296 303 305 307 316 321 327 333 345 348 373 376 379 380 387 395 408 419 421 427 447 460 464 468 470 474 475 478 479 485 534 536 550 575 576 580 582 601 610 613 625 646 651 668 674 677 681 683 687 690 693 694 704 707 713 729 751 772 788 795 800 811 816 817 819 822 841 849 852 862 879 896 902 906 909 911 913 926 951 962 963 983 989 999 
100 5 11 24 27 29 30 61 70 76 78 79 103 107 110 124 147 151 189 193 197 199 240 246 247 248 254 258 259 263 267 271 277 285 287 289 293 297 326 345 360 392 395 403 454 469 471 476 488 494 510 515 517 526 537 540 544 574 582 602 604 606 616 628 639 650 665 672 683 688 697 707 714 715 720 742 749 757 768 775 778 785 798 800 804 814 832 842 845 874 878 901 906 909 927 929 938 972 978 983 989 
97 13 29 34 35 65 72 93 96 100 103 110 118 172 177 182 185 192 211 229 230 236 243 245 246 264 266 280 281 290 296 297 335 337 347 356 359 361 375 379 392 413 417 423 428 430 453 454 455 467 473 478 484 491 496 505 516 528 530 543 544 558 585 586 587 611 620 624 629 634 635 652 656 671 672 685 700 722 723 740 755 757 776 794 836 852 876 890 896 897 911 929 957 958 959 982 987 989 
96 2 31 42 50 59 61 67 72 82 85 88 105 107 133 135 139 143 157 214 223 227 228 232 265 271 275 279 280 283 291 304 310 326 355 394 405 406 412 422 425 428 441 447 454 458 464 476 493 514 526 537 539 549 558 571 597 619 639 644 645 658 673 676 685 701 704 707 708 712 744 746 755 762 789 800 811 812 813 823 824 828 831 846 854 861 866 888 890 907 912 923 924 938 971 994 998 
89 6 11 14 26 96 105 107 113 131 140 154 157 158 163 177 215 222 235 241 250 253 260 296 302 324 334 345 373 376 387 393 415 434 444 446 451 461 478 480 494 500 506 510 522 525 545 557 569 582 586 605 621 625 655 663 677 679 687 688 692 698 723 728 735 755 762 788 800 801 803 807 809 811 815 822 827 863 881 896 901 911 928 944 946 954 963 969 971 990 
89 3 17 24 27 50 61 66 72 80 82 99 100 101 102 103 106 113 118 120 146 165 168 173 184 196 198 217 231 232 237 241 257 284 292 301 329 331 335 376 419 423 438 453 474 480 489 503 556 563 565 569 575 582 583 584 588 590 603 606 630 641 648 657 667 675 679 685 695 698 706 713 718 723 726 744 748 810 819 824 856 875 880 881 910 928 945 955 956 966 
112 17 27 32 70 72 86 90 96 141 151 153 170 171 179 182 184 188 190 194 196 204 217 232 240 255 261 274 275 293 297 301 308 322 337 343 356 357 400 406 417 427 455 458 459 460 462 473 475 483 487 497 514 515 518 536 540 559 570 572 578 580 581 585 588 603 607 609 612 624 638 639 664 676 689 690 698 705 710 714 726 729 738 741 752 760 765 766 767 769 770 774 797 800 804 826 844 848 854 857 861 866 888 896 904 918 920 971 981 982 997 999 1000 
95 2 5 32 35 39 74 80 84 88 90 106 112 115 116 119 121 125 132 147 150 158 164 172 179 181 220 226 229 243 249 261 293 294 295 309 310 313 317 322 325 343 384 393 394 427 438 449 463 470 499 503 504 505 512 514 525 533 541 542 559 560 586 603 611 633 643 648 650 668 677 680 694 705 709 723 727 751 782 783 788 795 825 851 864 869 880 891 901 916 928 937 952 958 990 994 
104 3 13 24 30 38 39 48 53 59 66 69 113 114 118 128 132 135 140 143 158 165 179 181 182 183 195 202 211 214 228 241 244 254 258 280 284 289 299 307 333 344 351 352 366 401 425 430 437 468 481 482 507 524 536 540 548 565 569 574 575 580 594 595 614 621 623 636 657 667 669 671 675 677 693 701 709 713 715 724 735 736 750 751 776 780 786 796 802 821 827 838 856 871 872 910 919 923 939 948 967 977 979 982 985 
94 9 23 27 30 37 44 45 50 53 57 59 72 79 84 86 96 98 100 107 108 112 115 128 144 153 179 195 196 205 227 231 235 243 249 283 284 288 293 299 313 315 326 342 360 380 396 397 398 416 434 438 444 451 452 480 494 495 512 538 544 560 561 562 565 566 601 625 643 650 656 668 694 712 720 727 744 770 777 778 789 790 803 837 861 866 867 877 891 901 924 930 943 964 990 
95 5 8 28 34 43 53 56 69 71 76 101 107 115 127 132 137 143 161 162 172 182 203 227 233 241 253 258 263 280 304 321 331 332 335 346 361 390 404 405 422 428 433 436 440 459 463 495 500 521 531 536 540 544 570 586 593 597 603 613 617 627 674 683 695 696 717 743 762 767 776 778 779 780 788 792 800 811 821 855 865 891 915 932 939 940 942 946 951 959 960 963 973 989 991 993 
101 8 27 28 29 38 41 43 63 78 79 82 84 93 105 106 112 139 150 161 165 174 188 198 207 212 221 230 232 246 248 258 264 274 276 289 299 314 324 350 357 358 363 379 380 384 404 413 417 421 424 437 442 456 464 475 482 484 487 488 493 497 501 527 558 576 577 603 642 667 681 691 695 698 704 730 739 765 767 773 820 824 834 837 852 855 856 870 879 899 905 916 931 933 936 943 960 970 972 990 995 1000 
104 3 11 24 36 49 83 95 100 104 105 118 127 132 135 150 151 184 196 197 199 210 217 222 227 230 232 236 245 248 262 278 280 285 296 303 328 333 340 344 349 354 363 380 391 402 404 412 419 422 430 433 455 459 481 492 493 505 506 512 517 518 529 553 563 571 572 575 579 604 613 614 656 660 667 681 687 712 713 714 720 748 755 768 773 781 792 794 803 808 816 830 835 841 848 856 869 907 924 943 953 973 987 992 998 
78 36 41 42 67 75 86 100 120 141 143 168 173 178 180 194 216 224 235 257 264 299 300 307 314 317 326 337 381 387 388 390 406 413 435 438 440 455 457 489 491 496 511 558 566 569 585 611 624 639 659 670 674 704 728 734 742 757 763 770 776 794 803 816 821 829 864 871 887 905 913 931 941 943 955 964 976 978 994 
89 8 12 16 17 45 55 63 65 69 74 80 81 89 116 117 121 122 137 161 167 192 204 213 230 251 254 272 291 292 304 318 319 358 380 391 409 410 431 434 451 459 464 470 471 487 499 500 502 506 526 529 532 545 548 568 583 589 595 596 598 603 616 642 694 715 726 731 738 740 781 792 793 802 824 837 839 857 862 900 915 918 930 934 936 954 974 979 987 988 
101 12 26 32 33 36 37 44 51 54 57 69 74 76 92 102 105 115 116 130 133 134 136 145 148 166 168 172 174 182 210 211 230 249 250 263 268 276 285 292 297 304 321 333 343 350 353 358 365 373 375 395 399 406 418 451 462 478 481 497 501 518 522 533 536 545 565 567 577 586 600 624 636 643 648 676 685 711 712 745 759 763 769 780 794 805 807 821 831 835 856 869 891 892 917 938 939 951 952 964 996 998 
100 6 14 24 27 31 41 65 67 75 102 126 138 139 140 164 173 189 196 199 208 241 249 261 287 291 303 304 310 320 337 353 354 362 364 377 391 397 401 402 407 412 431 436 456 463 469 484 486 490 492 503 518 521 524 566 575 585 596 597 603 605 620 622 623 628 629 665 669 686 690 720 732 745 752 768 797 807 811 814 821 857 860 878 880 890 892 899 913 914 920 923 926 933 942 950 980 989 992 995 1000 
111 25 33 34 67 70 82 83 88 93 105 112 116 119 142 145 149 153 178 203 204 211 223 232 235 238 251 276 282 309 314 319 324 330 334 335 355 357 359 364 374 379 399 407 408 409 415 420 433 437 440 465 484 488 507 512 523 531 534 535 538 544 546 560 562 565 578 588 591 609 610 625 646 657 668 676 677 685 692 706 732 736 740 744 751 753 781 785 787 792 793 797 800 814 829 831 835 853 860 864 869 870 885 908 929 966 967 985 991 993 998 999 
97 8 19 36 39 43 48 50 52 63 66 79 84 85 105 109 129 137 140 192 208 226 241 247 266 267 280 296 300 306 308 317 336 338 356 382 388 407 409 421 423 432 440 466 481 510 524 527 543 547 562 566 582 584 603 616 619 627 630 638 642 645 650 655 657 658 661 671 683 684 686 699 700 704 709 713 732 748 779 788 798 808 816 841 844 870 896 910 939 943 956 967 969 981 988 992 996 999 
96 29 33 54 68 69 76 77 78 81 85 91 114 118 125 135 142 160 185 186 203 215 216 218 224 228 232 238 265 271 276 283 319 329 332 366 372 392 416 434 464 471 473 481 488 495 516 517 531 544 556 561 572 575 586 593 594 618 632 635 646 649 661 674 677 680 695 710 713 723 725 734 755 764 776 791 807 811 813 819 821 839 842 848 852 878 888 895 901 919 928 952 958 965 980 983 996 
104 9 31 41 53 71 73 94 100 114 121 132 141 145 151 170 176 180 186 190 194 195 200 214 220 229 231 233 243 244 250 276 281 286 315 325 326 328 332 341 372 374 377 384 385 394 406 412 415 425 442 451 456 463 469 498 507 512 517 533 541 551 552 554 561 579 580 582 583 585 593 597 600 609 620 645 658 680 705 707 709 715 717 726 733 736 746 748 753 780 793 794 804 805 815 816 841 878 879 882 908 914 940 955 980 
95 23 37 66 67 104 132 147 162 173 193 207 230 233 244 246 248 256 257 266 291 298 305 311 327 338 348 357 367 372 374 376 379 395 397 411 426 427 452 477 488 503 515 524 544 545 559 570 571 583 584 585 593 604 635 640 657 661 667 694 696 698 714 719 725 735 749 768 778 785 790 792 803 808 810 822 846 847 866 867 868 884 887 894 900 921 922 925 943 961 978 982 983 988 990 999 
95 5 6 7 13 27 38 44 53 60 74 78 79 83 121 124 134 143 150 173 174 178 188 193 194 210 212 235 251 256 274 287 293 313 323 325 338 339 350 354 358 364 370 397 411 456 458 468 470 491 530 537 539 543 563 584 586 597 598 604 626 627 629 640 655 657 660 662 668 722 726 728 732 751 756 766 773 786 787 788 803 846 850 854 863 870 873 874 875 912 920 944 977 979 986 996 
111 6 7 15 18 28 29 35 38 49 50 65 69 77 99 109 115 116 121 134 155 159 168 174 176 187 208 209 214 222 235 249 260 281 293 320 321 324 326 331 333 337 350 358 368 372 383 401 422 427 429 432 439 449 451 465 474 475 479 482 491 492 521 531 541 551 560 562 569 572 584 591 614 616 619 628 637 642 652 658 670 673 675 681 690 703 706 708 710 732 733 747 748 749 769 781 793 803 817 824 834 844 845 848 877 914 935 971 987 993 994 995 
112 2 3 11 12 13 22 25 53 69 71 78 80 81 93 97 113 114 115 137 147 149 154 164 171 179 192 193 207 210 243 251 259 305 316 322 332 335 336 337 338 352 364 372 373 376 388 398 400 420 421 428 454 459 470 484 485 490 507 517 526 533 543 554 576 589 600 607 614 623 627 645 651 654 657 666 672 696 721 732 733 742 743 761 773 781 784 795 807 810 814 832 836 843 844 851 859 865 886 893 897 907 927 930 947 951 963 969 970 975 978 983 984 
104 4 5 16 21 27 42 47 84 94 99 142 147 148 159 168 174 175 213 218 222 235 241 245 251 255 256 257 279 282 297 305 317 327 336 341 362 375 376 397 398 415 434 453 458 479 482 486 488 489 502 536 543 551 557 572 580 596 615 621 623 627 651 670 681 690 701 705 706 718 719 721 722 728 733 736 742 745 768 783 785 786 787 790 805 819 820 825 829 838 845 852 853 874 887 895 903 907 921 946 956 969 981 995 996 
94 10 11 38 44 48 58 92 111 139 140 144 148 149 152 157 161 183 197 208 211 214 218 226 252 299 300 303 309 327 330 337 340 341 342 364 367 380 381 385 391 392 395 428 434 456 465 469 477 487 492 494 513 514 533 559 572 573 581 583 589 601 623 633 634 649 666 678 683 709 715 722 743 764 769 790 794 800 812 813 818 824 839 849 857 865 886 889 902 904 931 942 946 952 958 
98 5 8 15 47 49 59 61 69 70 71 81 95 97 100 106 124 130 140 147 149 158 160 172 174 179 192 212 219 246 252 253 261 283 304 324 331 341 369 372 378 379 381 393 394 403 410 415 437 444 450 452 454 460 465 472 484 557 593 594 610 613 618 619 663 689 696 705 716 722 724 738 744 747 751 794 830 838 846 858 861 866 868 869 876 879 891 903 915 928 945 960 963 974 983 991 994 996 998 
99 4 8 12 17 37 51 53 63 74 82 90 91 94 100 109 124 145 157 171 184 209 210 219 234 247 248 250 290 305 310 311 314 318 338 344 347 348 352 365 366 369 373 379 388 413 417 431 434 447 449 453 455 486 493 504 518 522 537 554 598 600 604 621 628 636 640 648 654 662 664 667 687 690 693 716 718 719 721 732 745 755 765 780 786 788 790 807 808 811 812 814 817 820 831 869 882 904 926 988 
94 3 5 15 33 35 36 38 45 48 75 80 81 86 110 114 117 130 140 150 151 157 181 185 186 188 197 201 227 254 263 276 279 289 316 342 355 361 365 368 385 401 402 427 434 463 472 507 510 520 522 530 566 578 587 600 602 613 632 649 651 657 663 681 684 699 708 766 773 774 781 791 797 802 806 841 843 864 867 872 873 880 881 892 904 905 907 945 952 954 958 978 982 985 997 
110 4 12 17 18 29 38 46 49 51 55 67 73 84 90 91 95 96 98 114 123 143 144 167 177 180 195 198 204 238 246 255 268 272 282 303 326 340 345 352 354 356 360 366 381 388 394 395 401 423 424 426 435 451 460 464 471 478 484 495 539 540 569 571 577 582 590 594 611 619 623 636 638 640 672 681 694 696 701 702 720 721 728 738 748 751 757 758 777 795 802 803 817 823 826 836 837 857 883 898 900 902 906 912 922 939 948 971 972 978 986 
111 5 12 14 17 28 44 49 51 67 89 90 100 112 145 146 147 157 160 169 171 181 188 192 194 202 222 232 243 260 265 269 273 287 298 310 314 316 328 330 350 356 360 364 402 408 414 422 442 448 452 455 463 467 476 479 491 494 495 498 509 529 532 536 545 580 587 595 601 610 616 637 644 651 683 684 688 695 703 719 720 725 737 745 767 777 799 806 807 817 842 843 865 891 892 897 903 904 917 947 950 953 954 957 964 966 969 971 980 988 993 1000 
106 3 11 25 28 36 39 42 49 62 67 70 79 97 119 135 157 190 196 212 230 240 241 242 262 282 288 289 301 308 317 319 320 340 344 350 356 364 379 384 387 389 419 427 436 437 439 441 450 451 459 460 465 467 470 479 482 490 496 525 534 549 550 559 564 569 580 594 611 615 619 624 628 648 651 653 660 664 680 681 687 699 701 742 744 748 772 803 804 812 815 838 849 868 873 893 902 908 915 925 937 943 946 948 965 973 979 
98 5 6 11 16 17 21 35 60 61 84 85 104 108 110 120 122 124 125 129 131 143 154 158 179 181 183 192 207 210 215 220 223 288 297 304 319 320 328 341 353 355 357 359 364 369 370 371 388 437 444 457 467 468 471 475 479 482 486 509 511 521 526 538 545 553 581 588 609 611 612 618 645 647 658 663 665 709 713 717 736 738 751 756 760 768 772 777 788 792 819 838 870 912 921 929 942 990 998 
106 12 22 35 49 78 79 86 111 114 125 150 155 171 175 200 221 227 232 242 256 260 291 304 328 329 337 353 357 360 378 383 394 402 408 411 414 417 421 426 432 446 481 486 487 501 508 510 527 542 544 550 555 569 583 592 610 615 617 622 628 633 648 670 683 690 700 703 710 739 740 745 749 756 760 773 776 788 791 809 810 824 825 839 865 880 882 887 888 895 900 904 908 913 928 931 932 935 943 953 954 962 975 984 985 987 993 
102 5 48 50 52 67 78 100 126 127 133 141 151 156 171 185 195 205 206 225 227 228 242 251 255 269 274 283 291 298 303 309 313 320 343 345 347 352 356 362 375 378 389 398 413 418 454 466 468 489 491 507 514 521 533 534 544 566 571 577 590 601 606 618 621 627 634 637 655 680 694 721 728 733 735 745 773 775 781 782 787 789 799 807 824 840 847 852 855 863 889 890 893 917 920 926 928 954 956 959 961 974 1000 
93 4 5 13 46 50 58 59 60 69 96 100 102 106 112 116 130 133 155 163 186 197 219 226 238 248 252 260 265 268 274 275 293 315 317 358 364 369 373 385 386 395 406 430 446 458 470 476 479 487 493 504 507 510 528 569 572 583 588 597 604 622 627 631 642 656 667 681 694 707 708 718 719 743 747 769 773 781 789 806 819 832 847 864 876 887 891 901 906 931 941 946 950 989 
85 3 5 21 35 52 61 65 74 84 98 137 151 193 202 217 226 235 241 252 253 254 256 260 275 298 305 311 312 318 322 329 333 343 344 365 376 390 397 398 413 427 452 465 469 494 502 520 580 593 611 615 620 633 637 646 648 670 671 692 714 721 724 725 749 752 753 756 768 774 809 821 822 824 828 832 875 883 890 918 921 959 965 974 982 989 
98 6 11 31 39 55 57 64 66 70 93 109 120 132 165 172 174 176 177 178 181 198 209 210 212 220 247 249 258 265 266 292 307 309 319 324 357 390 394 398 406 417 428 433 441 446 452 456 459 473 475 481 488 496 500 508 527 531 538 539 556 562 578 580 591 600 626 643 652 653 659 718 724 732 733 736 748 757 766 768 770 774 776 790 822 827 839 858 864 870 882 922 938 950 952 953 975 988 996 
94 1 13 15 24 27 32 34 39 40 49 54 69 74 83 89 113 119 129 143 145 154 155 164 166 170 171 174 176 187 208 215 224 231 233 235 272 277 278 288 290 323 337 339 351 354 357 380 381 425 426 427 431 472 501 529 539 544 556 586 600 614 617 624 669 683 725 731 774 794 800 802 820 826 833 849 855 860 866 873 874 878 881 882 896 909 916 921 923 925 934 940 979 984 992 
117 2 4 16 29 45 57 60 73 76 96 98 100 106 112 114 120 121 122 134 136 137 144 154 158 163 168 173 174 179 192 194 207 210 215 231 237 243 260 266 267 277 304 310 324 353 358 377 382 386 399 409 411 427 429 430 444 451 460 464 477 480 482 493 516 531 536 541 556 573 598 605 625 626 637 640 653 665 668 674 681 689 691 692 701 707 716 717 720 723 757 762 772 788 796 808 813 816 819 824 827 828 830 846 856 859 879 880 914 928 939 951 953 961 965 986 994 995 
105 6 7 8 15 18 29 51 55 63 77 78 83 86 90 106 108 109 124 130 131 141 143 145 162 164 166 170 178 189 191 196 202 203 208 210 216 217 219 222 233 235 236 239 259 270 278 289 297 312 313 326 336 342 344 345 349 363 384 393 402 420 443 478 498 499 519 549 554 556 591 601 603 615 628 637 672 675 676 688 700 703 706 708 729 758 788 790 791 820 824 830 858 864 866 878 891 899 907 918 919 922 939 976 986 993 
91 29 37 54 65 68 70 75 87 88 129 173 177 182 192 194 195 204 206 213 220 222 223 226 246 252 256 258 263 268 269 274 277 288 295 325 347 348 350 359 383 392 408 446 466 475 500 538 542 560 562 566 597 610 614 642 647 664 684 685 702 703 707 727 729 734 760 779 787 792 794 824 832 833 837 843 844 860 861 866 870 881 896 897 907 920 936 939 954 963 971 992 
80 15 19 29 36 44 51 77 79 81 82 105 108 116 122 127 159 178 205 210 220 234 235 239 240 247 249 270 274 288 311 344 351 357 371 397 408 420 426 437 438 450 473 474 496 516 523 547 561 585 601 620 625 666 672 713 728 753 755 767 785 786 790 801 836 845 857 868 889 891 935 936 943 962 972 978 982 983 991 998 999 
97 30 40 50 60 63 64 72 74 75 93 121 122 134 168 175 181 190 195 211 222 230 245 246 263 280 284 285 301 308 311 320 331 338 345 359 415 425 436 444 445 450 455 468 484 510 512 538 544 552 560 577 579 590 593 597 606 609 610 616 618 642 659 660 665 687 690 700 702 710 712 717 723 740 743 751 769 779 787 796 800 804 805 853 863 869 876 879 901 912 919 929 930 942 951 960 980 998 
97 6 12 14 20 70 79 87 99 107 110 131 136 142 156 166 171 175 176 213 240 250 253 261 283 291 294 304 309 313 317 321 332 335 353 358 360 363 369 376 387 388 395 396 403 422 434 435 446 471 496 497 510 528 536 563 586 588 599 630 663 664 684 692 694 699 700 706 710 721 728 732 753 770 781 784 785 786 796 808 811 822 831 846 857 868 893 903 905 927 951 960 972 980 989 990 992 1000 
109 12 14 31 41 66 72 84 90 94 97 100 103 115 147 153 163 172 177 185 212 220 221 228 233 240 266 272 278 279 289 290 294 296 307 314 333 362 367 378 395 398 401 410 422 438 441 443 444 450 466 469 482 487 495 504 509 514 521 528 533 542 555 567 568 576 589 593 610 612 617 620 621 632 633 640 646 666 670 675 694 697 710 729 768 771 829 843 852 854 858 875 879 888 890 894 896 912 913 927 937 956 957 958 959 980 983 986 989 997 
95 12 13 19 23 31 52 58 61 66 75 79 87 116 121 143 189 195 201 205 220 222 266 273 282 306 311 312 322 326 348 350 353 360 374 375 380 384 388 391 396 418 423 435 437 438 442 448 456 457 467 489 495 514 515 522 529 531 534 538 567 568 580 581 594 608 611 618 641 645 656 666 679 734 739 751 777 786 809 810 823 825 832 839 844 853 871 877 882 918 957 961 965 975 989 994 
106 16 28 32 47 51 66 74 84 91 98 99 104 108 118 124 143 144 150 157 180 184 188 194 203 206 222 228 255 266 271 275 276 282 300 302 311 318 326 334 335 355 364 386 403 413 415 429 435 450 452 460 480 494 498 500 521 527 533 540 544 561 590 624 625 626 630 632 647 674 682 697 701 708 718 720 723 741 742 773 775 777 781 783 803 805 808 819 829 835 848 852 854 908 909 914 922 923 933 940 942 946 952 958 969 974 977 
112 14 28 36 43 50 67 71 74 75 76 92 121 124 140 144 145 146 152 155 218 224 229 254 264 273 280 289 300 304 343 365 367 393 395 396 397 398 399 404 420 422 428 433 440 454 458 467 473 483 487 497 512 527 533 539 543 547 570 574 585 586 591 592 618 623 624 632 633 646 649 658 667 673 675 680 697 701 704 709 710 712 740 743 750 754 763 779 792 809 823 830 831 842 852 868 870 873 882 892 893 901 904 909 914 922 925 954 969 973 976 995 999 
88 3 12 15 22 31 32 37 42 51 55 60 65 78 99 112 120 139 148 151 168 206 215 225 259 261 291 292 294 314 331 336 350 352 357 360 361 387 389 392 394 399 405 408 410 417 420 487 492 496 498 510 516 542 578 585 644 648 650 668 677 687 703 704 705 708 713 727 751 813 822 858 860 867 868 877 882 897 912 922 934 937 947 952 961 981 986 995 997 
97 13 35 45 46 52 59 73 76 95 111 124 138 141 142 150 200 208 228 231 233 234 238 247 257 261 263 264 265 276 277 284 286 291 300 307 308 337 351 358 364 371 380 392 399 402 410 438 445 459 472 477 478 481 495 510 513 566 576 582 589 629 641 659 669 672 699 704 715 722 728 740 743 746 747 755 773 780 786 796 813 824 842 849 867 887 893 909 912 922 936 945 949 954 960 963 974 992 
91 13 17 38 50 60 65 68 85 94 96 112 132 149 150 164 169 173 176 181 244 245 251 256 269 277 282 291 298 311 312 314 333 338 373 393 394 396 400 404 429 432 435 457 473 477 479 492 501 502 513 528 534 546 551 562 565 579 588 627 630 631 636 642 652 658 661 706 732 735 740 751 764 784 788 790 797 835 852 854 868 870 874 891 893 897 934 936 960 978 981 986 
113 21 26 27 28 29 34 38 42 57 60 61 63 71 90 97 98 122 123 127 134 137 174 183 188 217 222 237 244 245 248 249 258 262 264 269 273 274 276 279 285 287 291 297 300 324 325 328 331 332 344 350 352 354 355 360 363 372 380 388 429 456 478 481 486 487 492 499 507 516 517 536 541 546 562 574 589 599 608 611 616 624 626 630 647 649 660 671 673 686 691 693 696 718 735 738 750 758 768 788 836 847 851 863 872 890 922 933 937 939 942 979 990 999 
113 20 22 32 33 43 47 73 75 78 84 100 104 117 118 142 160 182 194 205 237 241 247 261 262 266 267 281 294 296 298 304 308 314 337 347 348 353 358 373 397 410 416 426 439 443 463 480 485 493 501 512 519 528 530 540 542 543 547 548 565 570 582 585 597 603 615 624 625 636 639 644 646 657 659 686 695 710 712 719 728 737 745 754 771 773 784 795 801 825 839 846 848 871 885 891 892 897 903 911 913 916 919 920 921 932 934 938 949 967 979 985 987 988 
93 4 22 26 37 42 54 57 58 65 67 68 84 92 94 98 105 160 187 198 209 211 223 233 245 261 264 269 296 337 342 358 374 383 390 403 457 474 484 506 512 516 527 528 534 536 550 555 571 577 589 592 599 601 602 614 620 623 628 631 639 644 714 719 730 740 751 766 772 780 789 794 797 808 810 811 823 834 858 860 861 862 865 880 894 899 906 935 949 953 974 989 994 998 
98 7 14 16 36 48 67 80 82 103 109 135 171 191 200 204 212 213 223 225 229 237 276 285 289 306 308 314 362 371 390 397 405 406 412 419 424 441 442 454 460 470 479 504 531 533 547 554 561 564 582 609 625 640 663 673 683 685 689 700 713 715 725 737 751 752 753 759 761 769 795 802 804 813 819 845 857 861 866 868 881 888 893 901 906 918 922 928 930 943 947 963 973 976 981 985 991 997 998 
103 21 41 51 66 67 71 76 86 92 100 104 107 129 134 142 143 147 148 166 168 175 189 198 213 227 228 242 255 258 260 261 263 313 349 356 375 385 392 393 405 430 434 449 470 486 497 503 504 511 524 531 538 548 550 556 580 585 596 601 605 614 632 650 655 659 677 689 700 713 719 727 738 743 756 784 785 793 795 797 805 814 818 822 835 856 869 871 883 895 906 925 935 950 959 962 969 975 976 977 982 992 996 999 
89 1 8 16 20 21 29 31 32 63 83 85 88 94 97 113 116 119 122 127 152 156 184 187 189 207 208 225 229 236 242 255 261 262 285 287 289 292 299 312 322 332 341 355 356 389 393 398 407 417 434 470 472 475 491 494 499 521 532 551 568 575 587 595 610 627 655 681 685 688 689 724 758 777 806 814 818 827 834 837 841 870 872 881 888 889 893 966 971 994 
109 13 20 24 46 48 51 70 76 90 97 114 124 136 144 170 181 185 197 204 208 214 219 230 239 252 274 284 297 300 306 318 319 344 353 354 364 374 391 393 395 399 403 441 445 451 514 520 522 527 530 540 546 547 549 550 559 566 594 598 601 613 638 645 658 659 670 674 678 685 692 706 707 721 727 729 740 746 757 758 760 764 766 774 777 782 799 821 831 833 837 854 876 882 885 886 898 903 910 913 916 918 925 944 955 960 964 985 992 995 
103 3 7 12 15 29 41 76 95 103 105 122 132 159 166 171 179 188 189 192 197 204 216 217 225 228 244 264 265 269 277 284 328 340 352 360 362 366 373 375 376 387 402 427 443 448 484 488 490 493 527 532 543 548 554 556 557 567 574 583 591 604 616 631 636 646 652 656 677 687 696 698 711 733 738 751 754 765 768 780 784 800 807 820 826 829 838 855 873 882 884 894 913 920 943 949 954 965 970 977 982 988 989 998 
79 5 25 32 37 48 75 97 107 108 152 184 185 188 192 193 202 210 233 248 266 270 274 276 283 285 289 294 298 299 300 301 303 349 352 353 357 361 384 390 395 420 429 455 470 471 479 500 502 512 558 642 644 658 678 695 698 719 762 782 788 805 816 830 832 854 858 861 871 886 889 895 910 921 927 952 964 974 990 997 
103 2 8 9 12 17 24 36 42 48 53 60 73 74 103 112 115 117 121 170 175 183 191 210 237 249 261 278 290 291 301 304 334 345 346 347 352 360 371 373 376 388 391 434 461 477 489 494 523 527 544 552 565 577 584 589 591 599 610 616 618 629 635 642 646 650 667 678 681 682 688 690 704 710 713 736 744 755 771 793 800 813 818 820 826 830 831 832 841 873 882 892 897 903 910 913 921 933 943 944 964 973 977 997 
103 26 39 48 52 54 55 57 64 78 82 106 119 122 124 134 163 171 172 180 196 204 206 213 223 235 239 244 247 271 293 295 330 334 349 357 360 381 390 395 416 423 425 426 427 441 446 453 454 456 457 489 494 495 496 515 523 526 551 554 564 569 602 609 614 619 641 642 645 653 669 670 672 673 675 688 691 697 698 708 711 746 747 773 777 781 786 790 810 821 848 855 880 910 923 928 939 940 962 963 969 975 978 998 
107 14 22 37 49 56 60 87 114 121 123 133 150 151 154 159 160 171 193 212 214 232 238 256 262 273 274 281 283 297 300 313 328 332 339 344 358 369 372 417 428 446 448 450 452 464 465 489 511 521 524 533 546 553 581 592 596 604 606 615 617 621 641 644 677 700 704 705 708 742 743 748 749 757 767 800 801 806 812 816 821 822 823 831 833 845 854 868 871 875 877 886 900 901 908 923 928 931 932 942 945 955 957 960 963 971 985 999 
93 8 12 22 27 62 63 64 68 69 73 77 79 81 82 95 102 114 115 118 138 140 150 165 182 193 196 202 207 213 219 222 239 248 254 260 262 265 266 279 322 333 341 347 350 352 353 376 409 435 438 461 476 494 499 516 521 546 561 567 617 627 657 669 674 684 698 700 702 705 709 721 725 733 736 738 750 752 757 779 782 786 794 805 809 813 814 815 875 878 887 913 926 939 
120 1 4 10 15 36 37 42 48 50 60 61 69 74 76 79 90 95 109 118 122 127 150 153 160 169 203 215 223 225 227 240 269 270 277 278 283 290 306 309 316 320 327 330 359 371 377 384 388 395 421 430 443 445 458 481 482 487 493 533 538 555 556 561 564 568 576 589 592 595 603 605 621 622 643 644 651 656 665 670 676 689 692 693 696 702 709 718 726 729 736 743 776 777 780 782 794 798 799 810 812 813 836 844 850 855 870 873 884 891 898 911 925 930 931 964 970 974 976 992 1000 
113 8 13 24 33 56 58 72 82 94 124 125 127 133 162 175 182 191 195 210 213 221 225 228 254 260 267 278 304 317 323 333 336 344 366 367 371 381 386 401 406 410 412 416 418 420 421 431 443 472 515 516 528 535 539 558 567 570 584 606 659 665 669 673 676 697 700 719 721 722 740 748 753 764 772 774 790 799 808 814 833 837 838 847 852 853 859 864 866 874 881 882 884 887 890 894 896 897 904 908 910 913 915 918 924 929 934 938 945 963 972 973 977 990 
112 11 26 36 45 53 58 60 61 65 66 72 102 114 127 159 166 173 187 189 208 211 217 220 225 248 275 280 291 303 304 312 323 327 331 345 352 358 378 381 418 433 440 442 447 460 485 494 501 512 517 519 521 526 540 543 547 548 581 589 604 605 606 612 614 616 629 633 636 644 659 667 684 688 696 711 713 714 725 729 737 755 766 768 781 787 790 794 797 806 826 838 856 858 864 865 874 876 878 887 896 901 929 944 953 958 963 967 971 972 975 987 993 
91 5 34 38 53 88 95 96 105 138 166 169 181 184 186 190 195 205 211 213 217 231 237 238 246 261 265 268 274 316 319 329 330 388 389 415 425 432 434 443 448 462 469 488 495 541 542 548 552 562 574 591 597 607 613 639 644 655 663 671 680 686 693 697 699 702 715 734 742 770 773 775 777 790 799 803 807 816 824 836 837 838 858 864 888 889 906 907 923 934 952 991 
105 16 30 34 39 42 53 59 60 81 87 90 93 96 97 100 110 117 129 134 138 147 170 173 183 195 206 212 217 223 235 249 260 262 278 296 300 313 321 323 326 332 335 343 358 370 375 377 397 409 414 440 450 461 462 474 480 492 494 514 521 531 545 546 565 581 582 589 603 611 624 625 635 642 643 653 682 687 690 691 697 721 760 769 780 785 804 814 820 856 860 873 898 911 914 920 931 939 941 942 954 961 963 971 986 998 
101 11 13 21 23 27 28 42 61 62 72 78 98 106 109 113 122 124 129 130 152 155 162 179 180 190 195 206 214 233 281 289 293 310 317 320 335 336 342 369 377 378 386 391 393 395 401 409 410 453 454 463 465 473 480 483 488 495 533 562 569 571 590 592 603 612 614 636 637 644 684 691 696 698 725 731 743 754 768 788 793 805 810 815 823 831 838 849 863 870 871 872 887 902 904 911 919 952 955 960 965 980 
98 11 26 27 35 36 50 61 82 95 102 117 122 139 143 157 164 165 187 201 206 212 221 239 242 251 252 266 268 296 299 317 342 351 370 373 374 384 398 399 401 406 411 438 439 440 442 463 465 501 509 522 524 540 551 565 568 571 576 614 629 646 651 656 661 673 674 677 687 701 704 712 713 714 718 768 785 786 797 804 806 807 824 831 846 853 865 878 892 921 926 932 938 943 951 959 965 986 987 
111 2 7 22 34 35 45 46 80 84 86 87 90 108 109 113 140 146 162 188 194 195 199 208 214 221 229 233 245 273 276 288 294 318 326 329 330 342 363 370 378 408 412 415 430 447 451 454 481 482 485 494 500 507 513 516 518 527 534 540 543 546 553 555 563 569 579 591 594 602 636 648 660 664 667 668 671 673 675 682 688 697 709 710 712 713 727 735 739 747 749 766 767 774 775 778 795 798 823 826 838 844 856 857 877 894 895 898 909 912 921 941 
105 16 17 23 24 29 31 36 41 51 54 69 72 75 76 85 99 103 106 109 121 145 149 159 168 169 185 197 200 208 223 232 251 255 265 284 291 292 293 304 310 325 327 342 349 360 394 396 400 406 408 453 455 467 470 474 487 495 498 505 516 559 560 563 570 577 591 594 643 648 653 658 662 671 674 675 679 687 696 701 711 758 775 788 816 819 823 824 843 852 855 883 886 892 894 907 910 915 920 929 930 940 975 980 985 989 
100 1 5 16 27 35 48 54 68 69 71 77 90 99 100 101 102 120 125 164 169 176 178 180 193 211 217 228 233 234 259 263 271 288 314 359 392 404 405 406 417 428 430 437 439 441 442 451 463 481 495 503 507 541 546 554 558 560 574 577 587 591 595 605 617 622 637 682 690 699 700 713 726 730 732 740 756 760 763 789 803 813 823 832 843 848 849 859 871 876 892 899 900 909 941 945 958 967 968 991 992 
96 7 20 23 28 49 71 76 85 95 101 117 139 144 148 157 183 184 196 202 211 214 226 227 243 265 267 276 289 290 307 312 317 320 325 331 337 349 359 360 361 362 377 380 407 415 416 426 428 456 459 480 482 507 516 578 589 591 601 610 615 617 627 637 647 655 659 691 710 740 744 752 794 799 801 804 810 820 824 837 848 851 864 866 872 904 905 906 917 925 929 951 952 982 987 991 995 
86 15 16 26 32 34 50 80 90 95 141 162 171 208 255 302 309 314 323 335 341 342 347 368 389 407 430 437 447 450 452 460 462 471 478 481 483 501 523 528 541 546 547 548 554 565 576 583 613 624 627 628 640 645 647 675 678 703 705 706 709 710 726 727 737 740 741 743 775 804 809 826 827 838 845 883 901 903 926 936 950 952 970 973 979 988 989 
104 3 6 13 14 15 24 30 31 38 51 52 53 55 66 68 69 74 76 80 81 83 84 86 91 99 137 148 149 156 158 194 203 209 210 217 252 267 269 273 314 325 334 360 364 372 385 400 403 415 423 433 434 443 447 448 466 491 504 517 525 580 593 605 607 619 620 628 633 639 641 678 682 686 692 700 703 708 715 717 749 773 788 789 792 798 812 818 826 833 837 851 860 873 879 892 921 930 943 956 962 972 990 991 993 
93 25 27 32 49 62 66 68 106 112 118 123 130 134 141 144 146 149 155 179 203 215 222 227 233 250 253 260 262 283 294 297 308 313 317 325 326 328 330 335 350 353 356 360 370 393 394 411 419 427 444 449 491 517 530 541 553 579 591 606 619 623 670 674 691 702 705 713 738 748 759 770 771 777 778 784 792 809 813 822 833 845 851 873 883 892 894 896 909 927 936 937 940 984 
118 2 3 21 30 36 43 48 53 63 70 73 85 86 105 107 128 150 154 161 165 171 194 207 208 213 249 253 263 271 291 298 309 310 353 357 362 376 384 397 400 404 406 413 414 440 441 447 467 474 481 497 501 515 522 532 539 541 543 545 549 564 565 576 580 593 605 608 611 639 642 671 682 686 698 721 723 725 741 748 756 757 764 775 796 798 806 819 823 830 840 853 859 866 871 875 876 887 888 890 896 899 901 902 910 916 938 944 945 952 971 973 976 977 978 987 991 992 996 
83 3 17 18 20 23 29 37 40 79 105 109 130 150 175 198 201 214 242 245 260 265 293 300 308 319 331 337 345 346 360 367 396 397 410 480 481 506 508 514 525 529 552 555 563 586 587 588 599 616 619 631 635 642 654 655 665 669 675 684 686 692 697 713 715 727 738 749 763 777 795 798 816 829 835 844 847 848 894 918 940 958 998 1000 
99 34 73 75 90 91 98 126 129 133 151 175 181 184 185 213 216 221 231 236 240 252 298 304 311 334 349 361 371 387 396 409 415 418 422 425 435 446 449 450 455 462 483 487 493 499 507 513 526 549 565 574 578 586 595 618 620 632 644 653 658 665 670 676 697 708 719 720 725 726 734 767 792 802 803 815 818 824 841 851 861 872 878 889 890 905 915 918 921 930 931 932 958 959 961 969 971 976 978 985 
95 6 23 33 46 50 51 55 73 79 115 128 137 151 154 155 156 161 184 191 192 197 205 218 219 236 252 253 255 272 277 286 295 329 353 361 362 370 376 384 387 394 403 405 410 416 441 455 456 463 478 481 495 506 518 528 535 552 558 571 613 614 621 633 641 644 670 675 677 693 705 708 710 722 733 736 762 763 781 782 783 784 802 843 846 853 861 865 870 872 915 937 939 952 959 966 
84 1 2 4 12 18 19 37 46 49 65 66 86 107 124 125 135 186 197 206 216 218 233 236 237 248 255 259 263 302 327 339 359 363 364 374 380 385 422 429 440 460 469 474 486 490 509 522 547 569 575 578 583 595 599 601 615 633 644 671 680 715 716 717 723 750 775 793 800 804 825 842 850 873 875 941 943 946 957 968 974 977 984 993 998 
98 27 32 38 67 72 74 80 95 98 124 133 136 140 155 161 164 170 183 195 203 211 243 266 268 278 283 289 310 327 340 344 363 365 381 387 388 394 405 406 415 417 424 428 433 434 462 463 465 475 490 493 498 500 513 514 515 517 533 534 537 560 578 587 593 595 604 611 612 666 667 696 700 713 723 756 774 782 786 790 793 801 809 814 817 831 842 845 850 892 893 929 942 948 958 962 988 993 998 
110 43 46 47 54 56 75 93 97 104 109 137 140 141 143 153 165 168 175 180 193 196 198 199 211 229 244 246 252 254 257 260 289 306 309 310 314 332 339 343 350 363 383 392 397 402 410 411 414 454 459 471 480 483 500 506 513 526 527 552 554 574 582 584 585 586 593 600 632 648 661 663 668 669 672 673 687 695 701 704 713 742 752 755 763 785 788 801 802 804 806 813 817 842 850 857 867 890 901 907 931 934 935 950 952 957 958 970 974 985 988 
