100 1000
105 2 9 11 22 37 40 49 71 75 84 89 96 124 126 127 130 133 134 138 146 170 171 207 210 225 234 247 262 287 296 310 312 323 329 331 339 343 357 360 364 382 395 405 424 429 430 431 435 442 447 450 451 452 486 489 490 492 503 515 522 525 527 544 548 549 557 567 577 589 597 616 629 641 656 662 666 674 683 684 691 718 719 732 751 755 771 785 790 803 813 816 825 835 868 869 883 884 891 893 904 940 948 980 990 998 
106 1 27 53 75 79 87 89 90 110 112 114 123 159 200 205 206 221 243 257 265 266 269 275 296 302 313 320 330 334 343 347 366 408 421 425 434 435 443 458 463 466 474 478 480 496 506 507 509 514 516 528 530 544 545 555 604 609 612 618 620 623 642 651 654 659 660 671 681 686 687 690 716 723 730 731 732 752 780 782 783 792 803 806 808 810 816 821 838 839 850 853 854 857 878 879 881 884 886 901 907 910 916 945 982 988 991 
108 1 12 14 29 32 36 45 56 74 75 86 88 103 106 135 143 146 157 162 163 164 190 192 198 213 215 217 225 230 233 238 249 281 294 302 321 338 347 362 369 373 380 390 398 399 403 407 419 431 434 437 446 448 457 472 498 505 506 512 533 536 543 553 565 577 589 596 605 608 612 613 646 655 668 679 683 686 706 711 714 719 720 732 753 760 763 769 820 822 830 837 838 867 881 887 891 904 909 912 943 944 966 970 985 986 994 995 997 
114 3 11 14 25 27 28 38 88 94 106 115 148 152 160 162 181 186 191 197 198 205 211 213 221 223 229 246 264 268 280 286 315 340 350 358 362 367 371 373 379 380 381 393 405 415 427 442 444 456 460 466 477 488 490 493 508 518 520 525 532 538 548 551 574 582 586 600 602 605 634 663 674 685 695 709 720 735 742 745 765 766 777 790 796 802 817 828 830 836 849 856 857 858 862 875 881 886 890 893 898 914 917 931 943 948 961 963 968 975 977 981 989 992 995 
88 24 42 51 74 75 107 117 162 172 186 196 202 221 247 271 277 280 288 295 313 315 323 328 329 341 346 361 368 394 405 409 413 418 429 438 455 457 458 459 460 464 494 498 526 529 552 553 556 567 597 599 612 618 624 629 630 637 639 646 652 655 671 723 744 748 750 759 796 797 808 839 840 850 864 875 881 888 894 900 920 959 964 965 976 983 986 992 995 
96 4 6 8 15 44 48 49 56 84 85 86 96 100 101 118 123 135 142 155 156 168 172 175 185 191 197 203 210 232 233 238 254 258 280 291 293 316 328 345 385 403 418 423 430 437 446 449 451 503 504 510 540 546 555 562 588 616 620 646 660 665 668 670 677 682 689 690 691 712 722 736 740 743 754 762 779 808 816 824 834 840 855 860 868 870 895 910 919 924 958 963 967 982 987 992 996 
90 5 17 19 28 38 51 58 82 90 91 93 98 104 122 140 142 149 154 178 200 210 214 237 253 282 288 307 333 353 365 379 381 389 405 406 413 426 462 464 470 472 477 483 502 514 521 548 556 565 581 602 622 629 631 640 655 659 662 673 709 715 720 735 741 743 745 746 751 801 808 810 817 824 839 841 862 882 889 891 910 918 925 934 935 942 960 969 974 979 999 
110 1 3 12 17 18 20 21 29 32 34 35 45 49 52 54 63 66 73 75 148 151 167 177 178 187 206 215 218 232 251 253 263 264 285 310 321 322 331 345 350 351 353 364 371 378 380 381 391 399 409 414 425 432 433 449 455 474 478 502 504 505 522 526 546 567 574 577 589 590 624 627 631 635 639 651 668 672 676 678 697 708 719 720 746 755 759 783 796 800 817 824 827 829 843 861 863 866 867 870 882 889 890 891 935 939 941 957 964 997 999 
103 7 16 17 27 36 42 44 76 93 95 101 114 131 145 147 157 158 165 183 187 216 221 227 253 280 281 290 299 302 303 315 326 337 348 355 363 365 366 368 383 417 418 419 425 436 469 483 488 490 504 507 509 516 519 523 524 532 551 553 554 560 562 563 579 582 585 586 603 625 631 634 661 663 674 685 687 688 696 701 714 749 755 756 757 765 774 782 829 835 850 852 854 874 898 903 905 912 919 925 941 948 956 968 
102 1 11 21 29 32 56 84 88 92 118 132 134 147 153 174 195 200 211 221 234 246 248 254 263 280 282 285 286 291 335 352 353 369 372 388 389 394 403 405 411 423 429 443 459 471 473 474 479 484 492 503 512 517 536 537 552 553 564 570 572 600 620 636 645 646 660 661 662 669 673 675 676 705 746 748 763 774 777 786 787 788 810 822 824 826 839 867 869 880 888 891 898 915 923 926 942 947 958 963 973 979 1000 
104 18 42 43 53 64 70 87 93 95 107 114 130 135 153 164 165 169 175 192 193 224 236 252 253 255 259 274 283 286 287 300 325 333 350 352 354 369 392 393 417 419 460 461 477 497 499 531 543 548 550 551 558 563 572 596 597 609 622 627 652 655 658 659 664 669 676 680 687 703 707 710 750 751 760 770 778 780 792 803 805 821 849 852 853 865 866 879 880 883 906 907 910 914 925 935 946 951 952 960 964 974 977 981 992 
96 21 38 46 50 57 78 83 91 94 104 115 148 188 208 223 247 277 289 290 303 307 310 316 319 336 348 361 362 376 377 384 391 399 419 427 430 439 448 454 472 480 484 501 505 515 525 529 530 532 538 548 554 568 577 582 585 594 597 599 600 618 620 641 655 662 670 673 688 700 715 719 726 739 750 754 779 783 794 809 821 826 834 843 846 847 859 868 870 875 883 911 914 941 946 955 977 
104 5 19 49 64 95 104 114 119 121 147 150 153 160 161 162 190 193 194 196 202 213 218 221 259 263 274 279 289 304 311 314 322 340 356 365 370 392 394 430 444 462 468 472 475 481 482 493 504 506 531 534 537 538 546 561 582 583 591 598 599 601 606 608 615 634 656 678 692 696 697 734 741 758 770 782 783 788 791 797 801 805 806 808 836 839 847 848 852 871 881 886 900 907 924 926 934 954 956 966 972 978 988 995 997 
105 6 11 17 38 39 49 58 73 84 90 91 93 94 99 106 126 154 159 166 179 180 216 226 229 258 276 287 324 334 335 339 348 353 354 358 364 374 375 382 385 388 392 395 416 419 424 425 427 433 445 463 469 473 476 477 493 520 543 554 561 565 567 575 580 582 587 588 602 608 611 612 642 643 652 689 694 702 709 716 723 724 730 751 773 778 782 783 796 828 829 834 835 864 872 877 879 886 910 927 932 946 965 971 978 998 
85 14 27 57 76 82 96 105 108 110 125 134 135 145 149 170 186 198 207 220 231 235 248 251 255 268 290 292 302 313 329 355 358 362 379 385 398 404 409 414 415 428 434 436 462 465 466 470 483 492 506 537 546 579 589 594 595 600 613 617 620 627 639 653 656 682 693 700 716 717 728 739 748 766 772 778 795 806 809 863 901 903 926 944 970 993 
89 12 25 29 40 43 55 61 66 71 76 99 108 112 138 139 154 182 187 211 229 235 236 240 255 278 284 299 319 327 341 370 374 376 379 397 423 442 444 468 472 475 476 489 498 508 521 532 538 549 552 569 582 584 595 614 637 646 648 650 662 675 698 721 739 753 771 783 788 795 796 813 838 871 879 884 898 924 932 936 948 949 953 963 964 967 973 989 990 993 
90 6 12 27 40 42 43 56 58 65 76 79 103 104 111 140 148 167 182 219 220 263 265 288 295 298 307 309 311 320 332 339 342 355 374 382 389 407 450 455 509 521 525 528 530 536 538 543 550 557 566 567 569 580 585 588 596 602 606 608 615 636 643 647 673 679 696 708 712 717 749 755 768 776 792 802 844 855 865 869 883 886 891 914 917 934 950 957 962 979 998 
117 15 29 30 36 66 70 71 98 101 115 118 130 143 148 150 154 162 182 185 219 232 235 236 243 248 293 299 305 313 327 334 338 340 345 355 362 365 374 378 411 416 418 448 458 483 487 501 515 526 528 530 534 544 547 554 556 557 559 567 572 581 582 585 591 595 600 604 607 617 625 627 637 660 664 665 667 690 692 695 698 703 727 738 746 751 760 762 785 790 793 795 804 812 824 837 846 849 852 857 859 872 884 892 905 912 919 925 930 931 948 955 960 970 974 978 987 991 
105 23 28 41 46 51 67 79 93 108 118 119 125 152 156 157 169 170 185 200 213 216 222 238 258 259 270 288 290 292 302 306 315 323 348 351 355 357 364 370 377 396 409 416 433 435 445 459 464 465 470 500 510 550 551 557 559 564 566 586 592 595 600 618 633 656 657 661 680 693 695 697 702 727 737 738 739 752 767 770 771 784 787 803 820 824 826 836 870 885 888 898 900 907 919 939 946 948 953 957 964 973 981 988 990 998 
123 29 31 37 42 51 59 62 77 79 82 92 98 99 102 109 110 113 118 124 135 138 139 141 161 175 178 198 213 217 222 227 236 239 249 273 275 313 325 341 342 344 347 364 366 373 374 375 378 381 386 394 400 401 403 406 409 412 421 424 431 433 434 437 438 439 441 446 450 471 473 492 497 499 501 502 504 512 517 519 521 546 578 585 587 594 599 600 623 624 647 658 679 681 685 696 702 712 713 724 726 727 734 742 750 793 798 813 826 869 878 891 935 948 959 961 962 966 972 973 987 990 993 1000 
92 3 24 43 69 104 111 115 122 129 134 151 158 177 195 226 253 254 266 269 278 299 304 316 331 342 350 355 357 363 376 406 416 421 426 434 451 466 480 487 511 513 531 532 540 543 558 572 580 588 599 613 622 628 639 681 692 695 702 716 721 732 738 748 750 760 763 764 772 810 821 826 830 836 840 842 845 852 865 869 872 877 890 922 924 935 944 952 961 978 979 995 997 
106 2 49 55 66 71 84 97 108 115 129 137 150 151 155 161 177 179 182 185 205 206 208 210 220 232 242 247 249 264 266 287 290 299 316 324 325 340 341 354 358 360 377 430 433 440 441 458 461 478 489 492 497 508 510 524 528 537 550 551 573 577 580 588 605 612 613 618 634 643 645 667 682 689 691 699 710 713 714 719 728 734 749 760 767 782 783 816 818 830 837 851 874 903 908 910 924 925 926 931 940 944 953 956 965 982 999 
111 5 12 22 24 38 46 48 50 59 64 70 75 76 79 90 108 119 124 143 165 176 214 228 229 230 237 245 249 255 262 275 297 298 305 317 319 321 328 333 335 336 339 352 374 379 385 386 400 407 408 410 417 432 433 440 442 445 446 448 457 479 482 497 503 506 543 545 592 593 595 611 617 619 621 631 636 644 649 656 670 671 689 691 710 734 738 741 750 755 761 780 789 792 818 827 829 835 839 845 846 850 854 892 900 913 919 958 963 971 975 990 
103 24 25 26 31 40 68 78 84 111 120 122 140 144 169 182 188 191 192 218 223 225 232 238 252 253 273 295 296 298 302 328 383 388 395 412 416 419 421 429 437 453 496 502 506 515 520 539 547 550 564 574 591 592 593 595 612 613 615 626 637 648 653 656 658 663 674 679 683 698 699 706 715 717 735 749 750 757 767 775 776 790 791 811 824 829 830 838 854 875 879 880 895 899 901 918 928 934 948 966 967 978 985 988 
99 1 4 28 43 46 65 71 74 85 104 110 115 117 125 130 132 135 137 140 149 167 177 193 220 236 247 251 259 264 274 276 277 279 281 282 285 296 303 307 335 342 357 380 420 448 462 478 487 488 510 512 525 530 535 537 551 557 562 570 577 585 596 602 615 617 632 639 650 654 662 671 676 682 690 693 717 744 753 773 779 780 786 799 808 811 821 834 893 904 905 909 917 941 942 966 974 983 990 995 
107 11 35 38 45 49 54 58 61 81 108 121 127 129 161 179 186 188 191 201 212 213 237 238 247 257 258 262 280 289 295 304 311 316 326 334 344 350 358 368 371 375 395 399 402 411 412 438 457 480 502 524 527 532 540 543 559 579 580 589 601 606 612 616 652 656 660 664 666 684 685 687 696 701 705 714 723 725 734 749 776 817 821 828 829 833 837 841 847 855 875 878 883 884 897 916 919 921 925 928 930 935 940 945 954 966 968 979 
99 7 19 28 33 34 78 100 122 123 147 161 168 182 225 248 254 256 270 286 305 312 316 323 331 340 341 343 350 356 366 383 388 394 403 406 414 434 437 447 452 457 467 471 475 478 485 488 489 493 501 515 541 550 560 575 582 590 597 602 604 610 611 613 614 636 638 641 644 660 664 682 685 689 717 741 767 775 808 819 821 830 832 836 839 855 872 879 888 889 901 912 929 932 952 970 974 980 983 989 
111 6 8 11 14 35 49 50 53 69 72 78 81 100 103 113 135 138 145 154 168 169 173 180 187 207 211 215 216 218 234 253 257 260 275 279 290 294 303 306 307 312 319 328 361 378 380 389 397 410 414 430 432 439 448 449 450 458 461 474 476 479 493 499 502 505 525 529 549 553 570 589 590 596 604 626 631 637 657 672 678 692 694 696 704 719 720 728 736 760 771 775 819 859 874 889 890 892 907 915 916 918 927 928 963 973 981 985 989 990 995 997 
85 5 8 10 22 47 79 96 123 139 158 174 175 184 208 231 236 243 244 259 271 274 279 280 286 300 320 326 330 353 355 356 364 370 398 418 446 449 452 473 476 512 519 532 540 543 544 557 558 561 573 590 639 640 655 676 687 699 701 713 720 734 740 746 763 777 788 809 813 817 822 834 857 879 886 889 901 904 915 937 957 958 962 970 990 996 
102 12 14 15 33 35 43 46 50 55 59 85 101 156 164 174 196 197 201 207 211 221 245 264 265 271 272 297 311 314 323 332 396 410 412 413 426 445 449 453 459 470 476 497 514 517 523 525 526 533 552 561 564 575 576 588 590 599 600 605 610 611 612 627 630 639 662 664 679 692 695 706 709 716 733 742 745 774 788 791 792 799 805 815 827 834 854 863 865 867 868 874 887 895 898 921 927 928 936 978 981 987 995 
108 7 33 37 39 46 53 57 63 74 83 91 95 96 102 107 112 119 124 127 139 148 171 176 177 179 206 234 237 243 244 251 263 271 274 284 285 303 305 362 371 373 375 376 390 393 395 398 404 405 407 425 426 429 432 433 435 438 476 485 500 505 508 513 516 536 539 583 606 608 617 639 645 671 696 698 707 750 755 760 770 780 785 813 814 836 841 844 859 860 861 865 887 890 900 901 908 919 920 926 928 931 938 947 955 960 964 975 978 
105 5 7 20 25 26 33 37 52 58 79 81 108 109 112 117 128 130 138 178 182 188 196 225 229 243 246 252 261 263 272 273 281 303 330 339 340 341 342 352 356 363 376 390 419 421 423 430 431 473 483 515 519 521 529 537 547 550 586 587 588 595 615 618 635 645 650 652 658 665 675 677 694 698 703 706 720 751 765 774 777 781 796 803 804 811 813 817 829 832 833 835 850 861 864 868 872 887 890 901 917 927 938 954 960 961 
94 6 14 27 55 57 58 77 78 85 95 117 144 151 158 171 176 177 185 196 201 223 230 239 250 252 256 260 289 295 330 340 346 350 365 370 377 389 402 407 418 422 423 427 432 443 455 457 466 474 509 531 532 544 558 576 581 585 592 597 599 601 608 619 624 625 628 654 668 684 689 721 724 734 746 757 773 777 778 794 796 804 811 826 834 856 862 869 885 887 912 918 944 977 996 
94 6 7 36 49 95 124 139 142 149 150 164 168 169 170 197 200 202 226 255 271 277 285 295 299 341 345 354 357 393 395 403 414 425 448 469 488 500 506 542 546 560 574 576 581 583 604 607 620 621 632 635 657 661 667 681 691 695 696 698 701 709 720 721 750 765 787 792 794 806 807 808 821 828 829 830 838 846 851 856 859 865 871 906 911 924 929 944 949 959 960 962 976 995 999 
98 10 12 18 34 38 52 86 87 92 93 98 109 119 139 145 152 153 161 169 187 196 259 266 271 272 277 278 285 301 308 313 316 322 341 344 362 363 368 380 386 396 420 455 465 482 504 509 512 518 527 539 574 608 610 620 629 635 641 644 653 659 683 689 691 708 713 724 725 732 738 745 747 761 762 770 783 787 791 799 805 815 818 820 828 849 864 890 892 895 901 905 929 942 954 963 969 986 998 
88 5 9 18 23 31 70 73 81 86 97 99 108 133 139 141 142 165 182 188 198 219 225 245 252 260 265 266 288 312 321 346 366 378 388 390 399 404 416 419 425 439 483 489 500 521 522 528 531 565 571 572 574 587 613 625 633 642 662 683 696 697 706 709 734 737 762 775 803 806 809 824 832 837 840 841 846 848 872 881 907 909 912 919 928 937 948 975 977 
90 12 19 24 26 32 33 60 63 75 116 121 133 134 143 148 167 168 179 189 219 244 249 260 278 291 313 335 343 345 350 368 378 388 397 405 407 420 422 446 463 474 477 502 512 522 524 532 536 542 559 566 575 580 601 604 621 625 626 637 653 654 656 659 664 709 723 735 737 746 763 766 798 804 818 819 828 836 851 873 893 904 919 927 928 940 954 955 962 971 993 
111 18 30 49 56 64 73 82 89 100 105 106 130 139 143 145 149 154 160 163 183 189 191 194 195 204 239 245 246 252 280 285 298 299 309 310 314 356 361 367 369 370 372 391 414 425 429 433 452 454 466 473 480 483 496 502 503 508 511 521 523 531 572 575 597 602 605 614 615 641 671 672 674 677 693 705 706 707 708 713 725 730 733 736 739 741 744 762 780 782 789 795 799 808 823 825 832 842 848 859 865 884 893 896 916 925 935 945 959 961 989 998 
92 9 25 38 39 85 109 111 123 131 146 193 236 242 252 284 296 297 305 311 315 316 322 341 368 370 381 388 394 396 399 403 405 430 464 480 499 504 533 536 561 574 588 589 592 593 621 624 643 656 658 678 696 701 742 744 763 772 774 775 791 794 795 799 801 806 807 809 815 835 845 847 861 871 879 885 890 896 898 903 926 929 938 959 961 966 967 970 971 982 987 990 994 
95 16 27 34 37 44 45 52 58 64 84 91 99 109 111 129 151 155 168 171 172 198 200 203 230 244 247 268 309 311 313 329 347 361 387 400 409 457 469 472 493 500 503 509 530 537 546 547 565 574 575 586 594 598 604 615 629 637 669 670 671 678 685 694 695 711 714 716 742 749 758 762 801 802 813 825 837 844 846 852 857 865 868 882 899 920 925 945 954 965 973 974 976 984 986 997 
83 10 46 48 62 76 88 105 112 136 138 160 171 197 216 232 233 257 266 271 280 296 308 311 345 353 358 364 383 397 415 425 429 437 443 465 468 470 486 506 521 528 539 545 559 575 593 603 604 630 634 651 658 705 711 734 754 767 768 774 776 778 802 811 838 847 848 865 866 869 889 892 909 916 926 927 932 943 945 952 973 984 989 994 
110 24 35 42 49 55 56 62 70 73 74 103 109 114 121 128 132 137 139 151 155 166 170 171 184 203 210 214 230 235 255 261 262 267 276 279 283 290 293 305 308 317 318 336 339 346 376 379 403 404 409 414 418 432 437 440 446 449 453 482 492 520 523 526 531 550 554 557 563 587 609 621 629 647 651 652 663 670 689 697 705 716 738 744 766 768 770 772 773 775 785 789 793 795 815 819 841 859 891 894 900 904 905 917 924 939 953 965 973 975 995 
92 7 17 29 33 40 55 77 86 92 131 136 140 147 165 170 182 192 194 205 214 222 224 225 251 266 274 296 301 317 320 352 367 369 381 392 395 398 402 441 442 450 457 468 483 491 494 539 568 584 622 628 635 639 641 656 697 702 704 708 717 724 758 762 784 812 815 818 822 837 845 847 856 866 881 893 903 905 909 912 937 940 943 944 951 955 961 962 972 975 981 995 998 
84 5 9 12 17 24 39 45 48 53 62 87 126 127 140 142 155 158 185 192 201 219 221 244 268 270 282 288 298 301 307 309 310 311 315 336 356 401 403 407 430 447 459 465 471 473 480 482 493 496 509 514 530 534 542 545 568 576 577 586 590 597 610 618 621 630 651 672 687 705 707 809 817 825 838 845 846 848 875 900 927 932 992 994 1000 
91 29 30 35 56 68 69 70 77 82 91 95 115 117 120 125 127 138 140 148 150 151 174 178 181 197 200 216 230 235 239 263 266 289 314 328 344 346 376 382 401 403 407 418 451 455 463 481 495 506 508 515 528 530 545 549 553 561 564 583 607 644 651 653 672 675 691 719 722 725 731 765 772 781 803 817 825 849 858 868 884 890 892 904 930 949 955 960 973 974 975 985 
93 13 20 56 68 81 91 96 98 101 108 119 122 143 150 163 225 226 240 241 271 284 285 292 295 304 328 341 357 365 366 387 398 404 406 419 432 435 467 473 488 495 498 511 551 553 565 568 587 596 599 601 606 622 629 632 650 652 654 656 668 688 689 701 702 717 745 755 756 758 783 786 811 814 816 845 855 859 877 893 900 916 926 928 931 936 941 962 966 967 972 974 976 991 
105 2 5 10 53 58 70 74 96 103 123 125 148 158 179 188 192 196 205 232 237 247 249 251 265 267 274 276 283 304 307 312 320 329 341 356 366 383 384 390 407 408 425 434 447 455 463 464 471 479 480 496 506 507 510 511 522 523 527 533 537 545 552 568 581 606 619 627 681 684 688 694 698 722 734 739 740 744 754 755 767 770 792 797 814 826 852 856 863 878 893 897 904 912 916 918 928 936 944 960 966 972 977 981 985 993 
107 1 11 17 22 27 32 51 87 110 131 132 166 179 194 196 197 213 214 220 229 233 234 245 251 258 259 266 273 276 278 279 313 323 327 328 342 348 364 367 371 375 384 385 386 393 395 398 406 407 411 416 436 451 452 453 459 463 471 485 486 487 491 494 495 499 511 538 554 564 570 578 598 601 605 616 620 637 658 662 663 670 676 710 734 739 743 748 759 777 778 786 794 804 833 838 847 868 894 895 899 902 931 946 953 961 975 994 
101 35 67 70 81 88 102 105 128 129 130 133 135 136 154 162 169 185 203 208 210 213 214 216 232 244 247 251 252 264 316 317 320 345 364 369 374 410 411 417 426 430 432 440 456 458 469 491 492 498 501 540 550 559 571 577 599 623 625 632 638 651 654 658 677 684 690 703 721 729 733 735 745 753 783 787 788 791 807 828 839 856 869 871 874 886 896 919 925 930 934 938 939 944 952 954 956 958 961 974 992 1000 
100 10 17 19 20 23 24 45 60 64 115 119 120 121 124 134 135 157 158 160 180 185 220 238 241 267 292 293 300 316 327 341 347 352 361 364 390 406 409 426 430 431 433 457 459 461 462 467 474 481 499 506 507 518 531 539 556 565 567 571 581 596 605 622 635 637 649 651 657 661 684 685 688 699 703 705 713 716 738 755 770 785 787 802 808 823 855 866 869 877 895 916 923 926 951 959 967 978 985 991 993 
104 6 9 10 13 27 31 43 76 82 102 106 129 132 139 140 145 147 149 154 179 188 214 221 228 265 267 287 291 297 305 318 320 321 323 328 358 376 415 436 442 448 462 465 470 482 485 486 500 508 522 550 553 562 567 568 571 575 596 597 599 602 606 619 625 628 633 659 670 681 696 697 713 717 723 759 763 771 774 791 794 799 810 824 828 829 840 853 858 864 871 873 889 899 902 903 924 929 938 944 946 979 983 996 997 
96 5 12 25 28 37 40 60 61 79 81 101 109 112 123 128 134 136 151 172 182 190 206 207 210 213 217 218 242 247 249 253 256 260 269 301 306 307 334 337 340 355 358 372 376 395 396 404 407 414 416 428 429 448 465 516 527 532 537 549 561 608 619 646 647 662 669 675 688 700 707 715 717 733 753 761 764 771 776 777 783 787 834 847 863 865 875 879 890 900 923 933 949 955 965 973 1000 
88 7 13 24 48 69 73 88 90 101 104 106 110 117 128 131 135 152 167 170 182 248 252 256 259 289 300 307 323 334 335 336 338 350 380 388 418 422 427 428 435 445 451 455 458 471 475 478 525 533 561 564 591 593 594 595 598 599 600 607 613 618 630 651 652 669 684 686 692 706 712 715 721 722 761 768 796 810 822 854 860 861 862 867 870 871 924 967 991 
112 4 13 18 38 51 78 86 96 97 103 116 129 156 158 171 185 186 189 193 198 201 222 228 233 242 243 265 266 277 278 283 286 293 306 314 331 349 363 375 384 390 400 406 414 427 428 431 433 434 435 437 442 475 481 483 496 507 508 528 529 534 540 546 565 576 578 583 589 590 594 596 613 617 625 643 647 652 654 669 684 689 696 702 709 720 730 732 744 749 754 759 789 800 822 823 830 866 867 871 876 879 880 894 913 914 935 958 978 986 994 995 996 
74 22 25 27 29 41 62 67 69 76 82 136 137 146 167 182 186 199 201 208 227 230 255 258 271 272 280 347 370 377 385 419 424 442 447 448 450 464 467 474 494 511 515 526 535 570 574 588 606 612 650 657 665 690 694 743 750 782 786 791 804 805 808 828 843 849 857 864 883 891 902 945 977 987 989 
94 7 19 26 31 36 41 42 55 56 60 61 79 112 114 128 130 152 209 226 247 268 289 291 311 327 337 338 349 356 358 359 376 381 394 397 402 409 412 416 439 463 465 478 488 508 517 518 551 558 569 572 574 578 579 583 595 634 635 643 662 671 679 700 701 704 708 722 732 736 748 752 753 769 771 778 781 784 789 794 813 814 831 832 833 836 881 898 900 920 937 953 979 981 999 
95 7 8 10 11 29 35 45 53 56 65 67 93 95 96 98 105 106 113 130 134 136 155 161 164 167 184 188 191 196 200 202 235 246 259 262 298 301 320 341 348 350 359 392 393 394 411 417 432 444 470 476 499 516 538 553 555 557 576 585 588 607 624 626 633 647 651 656 660 663 676 681 685 686 702 711 728 737 739 744 746 755 762 774 777 787 816 880 895 900 919 924 927 935 936 997 
88 2 3 5 7 9 11 26 63 78 87 93 105 126 130 136 149 151 174 175 182 190 199 215 240 252 256 268 271 307 312 314 323 331 336 341 361 371 383 389 455 465 467 478 497 526 538 540 553 577 580 586 601 607 610 631 635 637 638 639 672 687 717 722 723 727 729 730 734 743 750 764 766 789 813 826 833 848 852 882 884 904 924 934 941 944 954 961 991 
97 11 13 28 33 34 57 63 68 69 79 83 121 130 131 159 162 185 191 220 228 265 274 284 285 286 300 301 309 324 356 361 387 389 392 403 423 430 467 477 478 484 485 500 505 510 512 515 517 551 553 560 564 571 578 585 608 681 682 688 690 700 704 709 712 726 737 738 740 747 782 798 804 806 807 821 828 833 846 849 860 861 888 890 891 902 909 912 929 946 947 948 951 961 978 989 991 992 
92 2 16 17 26 35 39 55 57 67 74 76 104 107 109 111 112 132 135 147 162 168 174 190 213 222 225 245 267 268 293 310 318 322 388 439 442 445 468 496 497 509 518 535 538 543 545 568 573 576 584 586 589 590 603 614 622 624 643 658 659 665 675 677 683 687 689 727 733 738 740 745 754 763 773 780 786 790 812 829 835 839 846 851 865 894 897 926 938 941 948 969 991 
101 18 19 22 29 34 42 48 71 78 89 91 98 107 114 124 140 142 148 157 165 175 184 206 207 208 211 236 253 255 271 273 283 315 317 324 326 327 335 381 389 419 424 427 444 450 470 471 495 503 514 523 526 528 546 556 563 570 578 579 581 590 592 599 624 625 643 649 650 677 680 696 700 709 714 724 726 733 755 766 767 788 813 846 854 859 860 862 882 883 885 899 900 905 929 938 939 940 946 947 967 984 
102 21 34 46 64 75 116 126 127 133 146 150 151 159 161 162 175 180 188 189 191 199 205 209 223 237 240 247 283 294 299 322 325 336 352 359 368 371 377 389 454 459 465 475 478 486 488 504 512 518 539 552 567 571 573 580 582 593 634 639 646 657 674 677 679 681 700 701 711 717 724 738 739 742 746 776 782 789 795 803 815 832 835 836 848 852 868 872 891 896 899 926 943 948 955 961 964 969 977 978 979 984 989 
105 1 34 46 75 80 101 109 110 114 115 119 131 177 183 191 202 203 206 221 225 232 233 248 253 263 269 273 274 279 280 284 290 299 309 312 315 317 333 354 370 372 376 389 390 402 417 420 430 433 438 444 450 466 472 475 483 489 555 556 562 573 576 599 601 603 617 624 662 666 668 685 692 696 701 705 707 719 729 739 742 746 747 750 770 773 792 805 814 824 831 845 850 856 865 871 885 899 901 902 915 937 942 944 957 987 
108 17 28 36 54 61 89 94 101 123 130 137 145 156 158 160 167 169 191 238 252 262 270 271 277 296 298 301 305 307 321 322 336 358 359 365 372 373 389 409 412 417 418 421 432 434 436 439 448 459 488 499 507 514 538 542 545 546 552 553 558 560 563 567 569 582 584 604 608 620 631 638 646 647 648 651 655 659 662 677 685 692 697 711 717 721 731 735 748 755 759 783 813 817 827 833 835 839 862 880 897 918 919 941 947 955 963 976 981 
111 6 12 24 28 77 83 87 100 123 175 181 185 196 197 204 212 223 226 241 245 261 263 271 278 280 306 307 309 320 334 335 337 341 344 345 350 357 361 373 376 389 392 393 418 441 477 479 481 486 488 494 499 503 523 535 550 565 572 577 598 623 638 643 644 649 653 661 666 669 677 678 696 697 702 705 707 731 735 738 748 774 788 789 797 798 801 802 805 810 814 818 841 843 861 873 882 889 892 900 906 907 915 924 932 940 968 971 979 986 990 991 
116 12 20 31 33 39 53 54 62 66 72 78 100 103 123 133 144 162 171 172 175 184 195 197 211 217 222 235 259 265 269 272 278 283 295 302 307 326 328 340 353 381 391 394 403 411 415 435 437 441 445 452 461 473 476 479 481 484 514 520 535 536 540 548 551 564 567 568 569 574 582 591 598 618 638 639 642 648 651 652 654 681 700 709 711 712 718 729 732 756 771 777 781 792 799 801 802 810 819 836 844 851 875 879 882 889 891 893 917 940 947 949 959 978 981 989 994 
114 4 13 28 34 45 47 58 60 61 70 83 103 104 122 135 137 171 187 190 201 216 220 225 231 235 239 267 270 271 278 294 301 323 325 326 329 332 337 359 366 372 373 378 380 390 405 415 418 421 431 469 491 499 547 557 561 566 567 569 570 583 597 603 609 616 630 638 644 647 650 665 672 675 676 686 700 703 710 711 716 721 726 729 738 773 779 781 783 787 808 815 828 830 839 845 872 874 882 885 886 901 918 919 934 936 940 944 948 952 956 959 986 987 990 
102 4 13 16 24 27 38 48 55 74 82 84 105 108 119 148 151 157 159 164 178 179 182 187 190 199 207 210 212 213 222 231 244 262 264 274 292 300 305 315 338 339 349 368 380 399 406 409 421 422 425 446 466 486 506 508 517 529 549 573 578 603 634 635 639 647 652 659 662 665 680 683 697 704 712 713 752 753 760 768 773 779 800 809 846 853 859 866 885 902 903 919 920 927 940 953 972 974 978 985 986 997 1000 
103 16 18 22 23 29 45 50 58 59 71 83 84 85 105 113 143 167 170 171 187 202 207 242 245 261 265 275 343 359 360 361 362 371 378 384 394 410 420 434 442 476 477 485 489 506 520 522 545 547 560 569 618 622 627 639 645 646 649 650 653 654 664 667 669 670 671 676 679 684 707 710 728 729 732 735 738 741 773 789 806 810 811 825 830 850 851 860 876 892 895 901 917 918 924 928 931 946 959 962 966 979 981 985 
114 9 12 29 36 39 50 84 93 97 100 115 121 157 167 169 174 175 181 199 203 208 214 221 228 232 262 272 291 302 324 326 330 339 340 345 378 382 386 390 401 411 415 417 425 430 442 445 448 452 464 468 472 478 480 484 496 502 512 513 522 544 558 568 577 585 587 642 652 669 672 673 681 684 698 701 704 736 743 751 762 768 772 778 787 796 800 803 810 848 850 854 856 867 872 873 875 881 889 892 900 909 910 918 932 934 946 947 949 953 958 962 967 982 990 
105 4 10 16 28 37 43 51 54 73 79 93 103 112 115 120 124 131 135 147 156 175 178 182 198 214 218 219 236 257 272 281 283 292 297 301 306 311 314 343 365 366 379 381 383 395 399 416 421 427 430 446 454 456 457 466 468 489 513 518 524 530 538 543 545 557 563 573 576 621 628 639 645 654 663 679 680 687 697 698 702 710 711 716 724 748 775 780 784 796 797 798 805 818 832 835 848 879 893 894 923 928 938 947 957 974 
90 8 12 29 41 59 63 65 86 103 114 136 147 155 166 171 174 208 212 228 238 256 259 262 273 282 290 296 303 311 324 335 343 363 383 384 395 417 421 425 438 442 452 472 488 491 522 528 529 560 565 567 584 599 600 616 635 646 654 667 670 688 714 733 752 756 766 768 774 781 802 805 819 837 841 858 868 872 886 889 932 936 938 951 960 963 964 967 973 975 989 
99 5 6 12 42 77 82 90 94 95 112 118 120 121 133 137 140 144 158 164 169 181 188 196 222 236 238 244 280 292 299 335 340 342 344 378 381 406 420 445 452 499 513 527 531 542 548 550 563 586 600 602 616 618 628 631 633 652 665 669 674 679 682 686 708 713 728 739 749 753 757 766 773 775 782 785 788 794 797 810 813 826 833 858 865 871 878 897 918 929 935 938 939 943 958 963 973 975 981 1000 
99 10 32 40 42 44 65 76 106 116 124 126 134 141 157 167 169 172 173 176 178 194 196 201 202 204 207 217 219 227 228 251 263 272 282 294 328 330 334 343 365 369 374 389 413 418 434 457 465 535 570 577 578 582 599 602 615 620 631 656 657 663 664 672 673 689 691 693 694 708 732 747 794 803 829 835 842 851 853 854 859 866 875 893 895 911 919 935 937 941 947 969 971 972 975 977 978 986 989 1000 
95 1 3 8 16 21 32 38 49 52 59 92 118 120 123 125 132 135 150 164 182 190 204 211 223 241 246 266 280 292 314 335 344 357 376 381 384 388 414 432 440 454 475 482 485 504 510 513 515 516 523 531 544 565 582 588 593 594 596 620 634 652 657 673 688 703 708 715 721 726 736 739 740 756 774 806 821 836 841 845 846 859 874 875 886 888 898 909 915 924 937 943 948 949 972 984 
87 6 12 25 30 34 37 42 64 67 150 166 171 172 180 185 203 232 247 267 281 289 291 323 328 334 338 353 368 371 376 391 408 421 440 456 472 483 518 532 536 543 558 570 571 585 593 595 596 602 637 644 648 650 674 682 690 691 696 708 712 728 734 735 736 737 739 746 756 777 785 795 797 816 825 827 828 833 843 850 881 906 908 910 923 970 985 1000 
116 8 22 24 25 33 45 66 67 72 78 85 110 111 118 122 124 130 135 162 163 166 184 191 194 196 203 208 209 237 240 241 242 256 263 269 271 272 289 303 305 332 344 349 351 354 357 373 378 398 400 402 411 413 427 440 455 458 459 487 490 518 527 542 584 611 623 628 629 633 639 649 668 676 679 689 692 703 707 710 722 731 734 735 736 739 753 768 770 772 777 787 791 795 801 823 826 827 829 832 846 866 880 891 907 912 929 931 935 938 947 948 972 977 990 995 996 
91 5 16 24 69 70 81 87 93 101 107 115 118 122 126 136 163 170 171 179 182 189 200 209 217 220 258 262 282 287 300 322 326 331 345 351 373 376 388 392 407 411 418 419 424 427 441 456 467 471 479 487 489 501 525 560 575 588 626 634 649 663 681 690 701 725 727 759 763 768 783 788 793 808 813 828 833 843 856 858 859 873 887 888 892 906 907 912 914 915 918 965 
98 2 8 14 23 37 49 57 60 74 75 79 98 118 127 139 141 148 153 160 177 189 195 202 204 217 218 255 267 276 305 335 339 353 365 366 367 370 388 411 425 427 434 436 446 452 454 459 461 479 488 504 511 517 542 550 562 566 582 591 615 622 638 649 665 674 676 681 683 685 690 703 707 725 729 746 771 780 784 791 800 823 825 841 859 869 887 890 892 898 917 936 939 940 951 953 980 989 998 
101 24 30 47 52 53 58 73 89 90 99 101 104 115 119 123 124 126 130 134 145 149 159 164 175 211 251 263 265 318 322 328 334 342 362 369 374 387 392 397 408 422 432 442 445 466 482 495 498 500 514 522 535 537 562 563 566 578 590 597 602 622 624 632 636 642 646 667 681 689 693 723 725 735 747 752 762 763 766 768 776 821 830 832 834 841 843 850 857 858 861 865 869 876 887 907 910 915 917 929 937 940 
121 8 22 31 37 42 52 56 64 65 66 84 86 87 113 114 117 127 132 138 139 153 159 161 167 175 183 185 200 220 221 230 236 248 252 266 270 284 285 307 322 324 330 339 342 351 355 362 390 393 395 399 401 408 409 428 437 440 446 451 466 480 484 486 504 540 542 554 558 560 565 572 587 588 591 595 598 606 613 624 647 648 659 671 690 691 704 715 721 725 734 735 745 763 777 789 798 799 806 814 832 849 860 861 882 889 896 901 904 914 918 924 927 948 974 976 979 981 986 987 991 996 
92 21 33 35 56 61 73 75 82 84 87 88 95 138 155 166 167 169 175 187 194 197 216 219 253 254 267 270 277 279 306 316 317 323 324 353 376 414 422 452 481 487 489 495 507 514 526 531 540 553 562 578 597 606 609 616 622 658 669 676 680 686 695 699 710 711 719 720 727 746 748 759 762 771 780 789 790 792 829 835 840 844 851 858 869 878 898 905 954 959 972 976 978 
105 6 10 15 20 21 22 31 49 52 66 78 96 101 105 112 139 144 162 176 193 242 249 259 288 298 305 321 334 335 345 353 367 373 376 391 399 401 404 432 435 447 459 461 471 492 494 498 509 530 538 544 570 580 587 590 593 599 603 611 618 625 647 650 655 661 668 674 701 702 705 709 716 718 719 738 747 750 755 760 766 771 789 793 807 810 818 819 832 846 849 854 858 866 872 890 895 897 906 912 926 936 939 943 984 985 
96 5 16 27 72 79 96 131 137 148 149 159 162 164 173 182 189 199 208 227 230 248 249 257 263 275 276 279 291 297 298 304 307 310 322 324 330 336 369 380 386 415 418 467 473 478 492 493 519 521 524 537 541 553 556 560 579 588 616 623 648 649 663 683 689 701 742 744 753 757 764 768 772 778 787 791 811 812 819 821 822 824 828 830 855 908 926 938 940 944 946 962 964 974 977 984 985 
97 16 43 50 55 65 72 80 84 94 130 136 146 147 169 175 183 184 195 205 207 217 224 251 265 279 292 307 333 365 377 403 405 408 409 414 417 425 438 453 463 476 489 490 508 513 530 534 543 544 550 558 560 561 573 588 593 600 602 605 623 624 628 637 652 653 655 663 665 684 708 723 733 734 743 776 801 802 804 811 816 825 829 857 860 864 895 902 905 906 908 913 931 949 961 966 969 993 
100 3 8 20 27 38 49 51 81 99 125 135 136 151 153 156 163 165 169 179 182 183 186 191 195 209 225 236 242 243 257 280 284 285 288 308 311 312 317 341 345 353 356 367 389 390 396 415 417 440 452 455 456 457 458 477 497 513 546 550 567 578 579 581 585 599 604 605 631 670 675 676 678 682 732 733 758 787 796 808 821 826 830 835 836 839 843 854 866 871 874 876 886 903 906 912 929 932 940 958 965 
108 14 37 43 47 61 66 99 112 121 146 163 184 189 210 234 239 240 246 254 255 272 277 290 291 310 312 326 346 356 366 373 390 392 393 416 421 426 428 434 442 448 456 459 463 464 473 494 500 501 504 505 509 511 516 528 543 549 550 554 568 576 583 591 596 597 599 609 611 615 624 627 629 630 637 640 641 662 690 698 703 704 717 731 737 738 779 780 788 793 801 817 833 842 849 862 891 892 900 902 905 909 917 921 925 942 964 968 990 
83 6 15 36 50 70 74 88 149 161 181 193 199 204 206 229 236 247 287 305 322 324 335 375 385 425 430 436 446 454 457 477 486 504 512 534 542 557 571 579 591 595 605 607 624 641 650 662 677 679 681 688 689 696 715 747 752 762 784 794 796 805 814 822 824 850 852 865 866 880 899 903 904 931 934 950 952 957 966 972 976 984 989 991 
86 29 39 45 61 69 78 79 86 91 114 126 133 144 148 156 160 165 177 178 195 197 201 202 214 229 232 242 245 247 258 274 280 304 309 340 351 380 383 387 402 403 412 424 425 458 475 479 483 487 509 522 523 539 549 559 561 586 587 590 612 613 628 649 655 656 659 665 668 721 726 736 812 821 848 853 870 892 893 898 922 958 971 972 976 982 984 
109 1 15 37 49 60 64 65 66 83 101 102 110 123 129 131 132 138 139 141 153 183 195 204 207 215 224 237 244 249 256 283 288 317 319 325 329 340 362 429 435 442 447 462 483 487 498 501 510 528 540 545 547 555 568 571 574 581 602 605 617 618 625 630 633 636 638 646 647 650 661 663 672 687 688 706 715 718 725 731 742 743 746 747 752 757 761 762 777 794 795 821 829 835 841 848 868 879 883 886 890 891 895 898 941 947 958 960 974 978 
94 11 52 61 78 96 101 102 138 151 152 158 243 259 260 266 269 271 275 279 290 292 295 301 308 313 314 331 355 362 367 368 371 383 384 386 409 416 433 435 446 454 471 482 485 497 510 512 529 530 539 551 570 585 594 604 610 617 623 624 627 631 643 656 665 676 712 724 736 741 764 777 782 785 794 806 827 831 839 841 854 857 867 871 872 882 889 897 900 903 905 933 934 936 953 
86 14 40 49 50 57 69 86 102 115 138 139 141 157 210 214 257 274 292 301 305 309 318 325 343 360 375 379 397 405 408 424 443 446 458 486 498 499 528 533 535 545 552 553 577 591 596 615 626 639 653 657 664 666 673 680 681 684 703 717 733 734 749 750 773 794 805 832 834 840 844 848 880 888 902 905 922 948 952 956 970 971 981 985 993 998 999 
94 2 5 17 28 91 93 107 121 124 129 133 139 141 163 169 172 180 194 212 216 227 254 271 295 323 326 327 337 352 353 377 381 384 400 423 429 438 472 482 498 519 520 523 527 528 535 537 539 548 557 560 573 592 608 614 620 623 628 646 657 664 665 668 673 674 697 701 704 729 732 733 744 757 759 760 765 787 817 822 848 849 858 862 893 912 914 917 920 931 933 938 941 942 965 
77 3 7 16 28 52 53 67 134 143 155 157 168 170 175 198 199 201 212 232 237 242 253 258 276 299 321 346 355 374 377 378 413 442 453 467 469 474 479 483 497 500 502 504 505 508 512 518 530 533 545 548 562 580 590 617 640 642 645 649 650 680 704 719 736 755 776 785 804 807 879 886 888 894 902 911 915 977 
102 16 20 31 35 57 65 67 69 82 90 95 109 116 137 140 141 162 173 175 189 212 224 228 229 233 234 256 257 259 266 270 277 285 288 293 298 301 302 306 333 334 337 357 375 377 395 424 425 435 454 459 484 497 502 512 514 515 517 520 539 541 552 553 570 571 576 596 597 610 623 671 675 687 696 698 705 708 713 732 737 738 743 757 769 781 785 789 798 808 832 836 839 843 850 873 879 883 946 954 969 992 994 
102 5 14 27 45 67 111 118 136 138 140 164 167 195 205 213 222 240 245 250 261 272 278 279 281 285 310 312 335 338 341 352 365 371 386 398 400 404 413 427 432 452 454 472 473 489 494 498 505 506 509 510 511 519 531 572 588 605 610 616 619 621 644 656 661 665 691 708 711 719 722 731 734 735 758 760 766 767 775 795 796 807 821 836 848 849 857 898 904 910 913 915 932 933 935 936 937 942 953 969 973 987 992 
101 12 47 61 68 73 75 76 77 96 98 109 116 126 130 135 139 181 203 212 225 233 244 255 256 272 273 275 282 291 299 301 303 304 322 361 369 377 399 401 402 416 425 442 450 458 460 469 496 498 510 514 523 531 542 545 576 617 620 640 645 647 648 651 655 659 667 671 679 681 682 699 702 703 713 733 745 757 768 781 782 788 793 798 823 834 857 866 882 886 887 899 900 906 907 923 935 938 980 986 995 999 
94 4 10 13 15 17 26 29 39 47 56 58 74 76 80 91 96 97 115 141 145 158 159 160 169 170 172 183 191 198 208 212 223 224 231 240 243 249 259 265 266 275 281 307 317 333 353 357 388 392 401 429 432 438 442 493 512 520 525 547 557 559 569 571 582 595 633 648 660 688 691 698 700 708 720 725 739 745 747 759 766 782 784 786 807 827 843 881 899 922 934 948 954 973 996 
87 5 17 43 57 59 74 81 83 96 115 165 171 173 186 190 200 213 225 235 241 272 280 288 346 353 363 364 378 392 395 408 416 418 433 438 446 447 449 453 459 463 470 479 519 525 548 552 567 591 600 606 615 639 655 687 699 700 716 723 727 735 740 749 759 770 794 812 833 856 861 864 871 872 881 887 899 922 936 942 954 956 960 966 970 971 982 984 
99 7 33 34 35 47 82 84 99 101 106 118 127 139 146 147 149 164 169 175 178 192 195 209 236 238 247 253 257 274 281 283 284 304 317 323 340 356 366 386 419 427 453 456 473 476 494 508 516 527 537 559 560 571 581 586 587 606 611 621 625 627 632 638 640 645 647 648 657 666 670 672 681 691 698 710 715 717 735 761 763 764 766 796 809 815 852 862 877 916 918 931 933 938 956 961 968 980 981 993 
